ID,FPS,TimeStamp,PlayerHead_X,PlayerHead_Y,PlayerHead_Z,PlayerHeadRot_X,PlayerHeadRot_Y,PlayerHeadRot_Z,PlayerHandRightPos_X,PlayerHandRightPos_Y,PlayerHandRightPos_Z,PlayerHandRightRot_X,PlayerHandRightRot_Y,PlayerHandRightRot_Z,PlayerHandLeftPos_X,PlayerHandLeftPos_Y,PlayerHandLeftPos_Z,PlayerHandLeftRot_X,PlayerHandLeftRot_Y,PlayerHandLeftRot_Z,HasPickedUpDrawTool,HasPaintedWall,HasPressedVRButton,HasCompletedTutorial
66,2.5,Nov 3, 2019, 8:10:26 PM,0.0,0.0,0.0,0.0,0.0,0.0,0.0,0.0,0.0,0.0,0.0,0.0,0.0,0.0,0.0,0.0,0.0,0.0,false,false,false,false
66,59.99736,Nov 3, 2019, 8:10:26 PM,0.0,0.0,0.0,0.0,0.0,0.0,0.0,0.0,0.0,0.0,0.0,0.0,0.0,0.0,0.0,0.0,0.0,0.0,false,false,false,false
66,59.998074,Nov 3, 2019, 8:10:26 PM,0.0,0.0,0.0,0.0,0.0,0.0,0.0,0.0,0.0,0.0,0.0,0.0,0.0,0.0,0.0,0.0,0.0,0.0,false,false,false,false
66,59.99736,Nov 3, 2019, 8:10:26 PM,0.0,0.0,0.0,0.0,0.0,0.0,0.0,0.0,0.0,0.0,0.0,0.0,0.0,0.0,0.0,0.0,0.0,0.0,false,false,false,false
66,59.999882,Nov 3, 2019, 8:10:26 PM,0.0,0.0,0.0,0.0,0.0,0.0,0.0,0.0,0.0,0.0,0.0,0.0,0.0,0.0,0.0,0.0,0.0,0.0,false,false,false,false
66,59.998798,Nov 3, 2019, 8:10:26 PM,0.0,0.0,0.0,0.0,0.0,0.0,0.0,0.0,0.0,0.0,0.0,0.0,0.0,0.0,0.0,0.0,0.0,0.0,false,false,false,false
66,59.996288,Nov 3, 2019, 8:10:26 PM,0.0,0.0,0.0,0.0,0.0,0.0,0.0,0.0,0.0,0.0,0.0,0.0,0.0,0.0,0.0,0.0,0.0,0.0,false,false,false,false
66,59.998436,Nov 3, 2019, 8:10:26 PM,0.0,0.0,0.0,0.0,0.0,0.0,0.0,0.0,0.0,0.0,0.0,0.0,0.0,0.0,0.0,0.0,0.0,0.0,false,false,false,false
66,59.998798,Nov 3, 2019, 8:10:26 PM,0.0,0.0,0.0,0.0,0.0,0.0,0.0,0.0,0.0,0.0,0.0,0.0,0.0,0.0,0.0,0.0,0.0,0.0,false,false,false,false
66,59.996639,Nov 3, 2019, 8:10:26 PM,0.0,0.0,0.0,0.0,0.0,0.0,0.0,0.0,0.0,0.0,0.0,0.0,0.0,0.0,0.0,0.0,0.0,0.0,false,false,false,false
66,59.996651,Nov 3, 2019, 8:10:26 PM,0.0,0.0,0.0,0.0,0.0,0.0,0.0,0.0,0.0,0.0,0.0,0.0,0.0,0.0,0.0,0.0,0.0,0.0,false,false,false,false
66,59.999157,Nov 3, 2019, 8:10:26 PM,0.0,0.0,0.0,0.0,0.0,0.0,0.0,0.0,0.0,0.0,0.0,0.0,0.0,0.0,0.0,0.0,0.0,0.0,false,false,false,false
66,59.996639,Nov 3, 2019, 8:10:26 PM,0.0,0.0,0.0,0.0,0.0,0.0,0.0,0.0,0.0,0.0,0.0,0.0,0.0,0.0,0.0,0.0,0.0,0.0,false,false,false,false
66,59.99736,Nov 3, 2019, 8:10:26 PM,0.0,0.0,0.0,0.0,0.0,0.0,0.0,0.0,0.0,0.0,0.0,0.0,0.0,0.0,0.0,0.0,0.0,0.0,false,false,false,false
66,59.996639,Nov 3, 2019, 8:10:26 PM,0.0,0.0,0.0,0.0,0.0,0.0,0.0,0.0,0.0,0.0,0.0,0.0,0.0,0.0,0.0,0.0,0.0,0.0,false,false,false,false
66,59.996998,Nov 3, 2019, 8:10:26 PM,0.0,0.0,0.0,0.0,0.0,0.0,0.0,0.0,0.0,0.0,0.0,0.0,0.0,0.0,0.0,0.0,0.0,0.0,false,false,false,false
66,59.998798,Nov 3, 2019, 8:10:26 PM,0.0,0.0,0.0,0.0,0.0,0.0,0.0,0.0,0.0,0.0,0.0,0.0,0.0,0.0,0.0,0.0,0.0,0.0,false,false,false,false
66,59.996998,Nov 3, 2019, 8:10:26 PM,0.0,0.0,0.0,0.0,0.0,0.0,0.0,0.0,0.0,0.0,0.0,0.0,0.0,0.0,0.0,0.0,0.0,0.0,false,false,false,false
66,59.996639,Nov 3, 2019, 8:10:26 PM,0.0,0.0,0.0,0.0,0.0,0.0,0.0,0.0,0.0,0.0,0.0,0.0,0.0,0.0,0.0,0.0,0.0,0.0,false,false,false,false
66,59.932289,Nov 3, 2019, 8:10:26 PM,0.0,0.0,0.0,0.0,0.0,0.0,0.0,0.0,0.0,0.0,0.0,0.0,0.0,0.0,0.0,0.0,0.0,0.0,false,false,false,false
66,59.999157,Nov 3, 2019, 8:10:26 PM,0.0,0.0,0.0,0.0,0.0,0.0,0.0,0.0,0.0,0.0,0.0,0.0,0.0,0.0,0.0,0.0,0.0,0.0,false,false,false,false
66,59.457264,Nov 3, 2019, 8:10:27 PM,0.0,0.0,0.0,0.0,0.0,0.0,0.0,0.0,0.0,0.0,0.0,0.0,0.0,0.0,0.0,0.0,0.0,0.0,false,false,false,false
66,59.997723,Nov 3, 2019, 8:10:27 PM,0.0,0.0,0.0,0.0,0.0,0.0,0.0,0.0,0.0,0.0,0.0,0.0,0.0,0.0,0.0,0.0,0.0,0.0,false,false,false,false
66,59.604706,Nov 3, 2019, 8:10:27 PM,0.0,0.0,0.0,0.0,0.0,0.0,0.0,0.0,0.0,0.0,0.0,0.0,0.0,0.0,0.0,0.0,0.0,0.0,false,false,false,false
66,59.997723,Nov 3, 2019, 8:10:27 PM,0.0,0.0,0.0,0.0,0.0,0.0,0.0,0.0,0.0,0.0,0.0,0.0,0.0,0.0,0.0,0.0,0.0,0.0,false,false,false,false
66,59.745007,Nov 3, 2019, 8:10:27 PM,0.0,0.0,0.0,0.0,0.0,0.0,0.0,0.0,0.0,0.0,0.0,0.0,0.0,0.0,0.0,0.0,0.0,0.0,false,false,false,false
66,59.999519,Nov 3, 2019, 8:10:27 PM,0.0,0.0,0.0,0.0,0.0,0.0,0.0,0.0,0.0,0.0,0.0,0.0,0.0,0.0,0.0,0.0,0.0,0.0,false,false,false,false
66,59.996998,Nov 3, 2019, 8:10:27 PM,0.0,0.0,0.0,0.0,0.0,0.0,0.0,0.0,0.0,0.0,0.0,0.0,0.0,0.0,0.0,0.0,0.0,0.0,false,false,false,false
66,59.969296,Nov 3, 2019, 8:10:27 PM,0.0,0.0,0.0,0.0,0.0,0.0,0.0,0.0,0.0,0.0,0.0,0.0,0.0,0.0,0.0,0.0,0.0,0.0,false,false,false,false
66,59.766064,Nov 3, 2019, 8:10:27 PM,0.0,0.0,0.0,0.0,0.0,0.0,0.0,0.0,0.0,0.0,0.0,0.0,0.0,0.0,0.0,0.0,0.0,0.0,false,false,false,false
66,59.954922,Nov 3, 2019, 8:10:27 PM,0.0,0.0,0.0,0.0,0.0,0.0,0.0,0.0,0.0,0.0,0.0,0.0,0.0,0.0,0.0,0.0,0.0,0.0,false,false,false,false
66,59.991959,Nov 3, 2019, 8:10:27 PM,0.0,0.0,0.0,0.0,0.0,0.0,0.0,0.0,0.0,0.0,0.0,0.0,0.0,0.0,0.0,0.0,0.0,0.0,false,false,false,false
66,59.996639,Nov 3, 2019, 8:10:27 PM,0.0,0.0,0.0,0.0,0.0,0.0,0.0,0.0,0.0,0.0,0.0,0.0,0.0,0.0,0.0,0.0,0.0,0.0,false,false,false,false
66,59.937668,Nov 3, 2019, 8:10:27 PM,0.0,0.0,0.0,0.0,0.0,0.0,0.0,0.0,0.0,0.0,0.0,0.0,0.0,0.0,0.0,0.0,0.0,0.0,false,false,false,false
66,59.964256,Nov 3, 2019, 8:10:27 PM,0.0,0.0,0.0,0.0,0.0,0.0,0.0,0.0,0.0,0.0,0.0,0.0,0.0,0.0,0.0,0.0,0.0,0.0,false,false,false,false
66,57.594067,Nov 3, 2019, 8:10:27 PM,0.0,0.0,0.0,0.0,0.0,0.0,0.0,0.0,0.0,0.0,0.0,0.0,0.0,0.0,0.0,0.0,0.0,0.0,false,false,false,false
66,59.941269,Nov 3, 2019, 8:10:27 PM,0.0,0.0,0.0,0.0,0.0,0.0,0.0,0.0,0.0,0.0,0.0,0.0,0.0,0.0,0.0,0.0,0.0,0.0,false,false,false,false
66,59.937305,Nov 3, 2019, 8:10:27 PM,0.0,0.0,0.0,0.0,0.0,0.0,0.0,0.0,0.0,0.0,0.0,0.0,0.0,0.0,0.0,0.0,0.0,0.0,false,false,false,false
66,59.972885,Nov 3, 2019, 8:10:27 PM,0.0,0.0,0.0,0.0,0.0,0.0,0.0,0.0,0.0,0.0,0.0,0.0,0.0,0.0,0.0,0.0,0.0,0.0,false,false,false,false
66,59.982254,Nov 3, 2019, 8:10:27 PM,0.0,0.0,0.0,0.0,0.0,0.0,0.0,0.0,0.0,0.0,0.0,0.0,0.0,0.0,0.0,0.0,0.0,0.0,false,false,false,false
66,59.996998,Nov 3, 2019, 8:10:27 PM,0.0,0.0,0.0,0.0,0.0,0.0,0.0,0.0,0.0,0.0,0.0,0.0,0.0,0.0,0.0,0.0,0.0,0.0,false,false,false,false
66,59.977924,Nov 3, 2019, 8:10:27 PM,0.0,0.0,0.0,0.0,0.0,0.0,0.0,0.0,0.0,0.0,0.0,0.0,0.0,0.0,0.0,0.0,0.0,0.0,false,false,false,false
66,59.934788,Nov 3, 2019, 8:10:27 PM,0.0,0.0,0.0,0.0,0.0,0.0,0.0,0.0,0.0,0.0,0.0,0.0,0.0,0.0,0.0,0.0,0.0,0.0,false,false,false,false
66,59.952755,Nov 3, 2019, 8:10:27 PM,0.0,0.0,0.0,0.0,0.0,0.0,0.0,0.0,0.0,0.0,0.0,0.0,0.0,0.0,0.0,0.0,0.0,0.0,false,false,false,false
66,59.916836,Nov 3, 2019, 8:10:27 PM,0.0,0.0,0.0,0.0,0.0,0.0,0.0,0.0,0.0,0.0,0.0,0.0,0.0,0.0,0.0,0.0,0.0,0.0,false,false,false,false
66,59.961391,Nov 3, 2019, 8:10:27 PM,0.0,0.0,0.0,0.0,0.0,0.0,0.0,0.0,0.0,0.0,0.0,0.0,0.0,0.0,0.0,0.0,0.0,0.0,false,false,false,false
66,59.938026,Nov 3, 2019, 8:10:27 PM,0.0,0.0,0.0,0.0,0.0,0.0,0.0,0.0,0.0,0.0,0.0,0.0,0.0,0.0,0.0,0.0,0.0,0.0,false,false,false,false
66,59.955273,Nov 3, 2019, 8:10:27 PM,0.0,0.0,0.0,0.0,0.0,0.0,0.0,0.0,0.0,0.0,0.0,0.0,0.0,0.0,0.0,0.0,0.0,0.0,false,false,false,false
66,59.999519,Nov 3, 2019, 8:10:27 PM,0.0,0.0,0.0,0.0,0.0,0.0,0.0,0.0,0.0,0.0,0.0,0.0,0.0,0.0,0.0,0.0,0.0,0.0,false,false,false,false
66,59.998436,Nov 3, 2019, 8:10:27 PM,0.0,0.0,0.0,0.0,0.0,0.0,0.0,0.0,0.0,0.0,0.0,0.0,0.0,0.0,0.0,0.0,0.0,0.0,false,false,false,false
66,59.999519,Nov 3, 2019, 8:10:27 PM,0.0,0.0,0.0,0.0,0.0,0.0,0.0,0.0,0.0,0.0,0.0,0.0,0.0,0.0,0.0,0.0,0.0,0.0,false,false,false,false
66,59.99736,Nov 3, 2019, 8:10:27 PM,0.0,0.0,0.0,0.0,0.0,0.0,0.0,0.0,0.0,0.0,0.0,0.0,0.0,0.0,0.0,0.0,0.0,0.0,false,false,false,false
66,59.998085,Nov 3, 2019, 8:10:27 PM,0.0,0.0,0.0,0.0,0.0,0.0,0.0,0.0,0.0,0.0,0.0,0.0,0.0,0.0,0.0,0.0,0.0,0.0,false,false,false,false
66,59.997349,Nov 3, 2019, 8:10:27 PM,0.0,0.0,0.0,0.0,0.0,0.0,0.0,0.0,0.0,0.0,0.0,0.0,0.0,0.0,0.0,0.0,0.0,0.0,false,false,false,false
66,59.998447,Nov 3, 2019, 8:10:27 PM,0.0,0.0,0.0,0.0,0.0,0.0,0.0,0.0,0.0,0.0,0.0,0.0,0.0,0.0,0.0,0.0,0.0,0.0,false,false,false,false
66,59.99736,Nov 3, 2019, 8:10:27 PM,0.0,0.0,0.0,0.0,0.0,0.0,0.0,0.0,0.0,0.0,0.0,0.0,0.0,0.0,0.0,0.0,0.0,0.0,false,false,false,false
66,59.996998,Nov 3, 2019, 8:10:27 PM,0.0,0.0,0.0,0.0,0.0,0.0,0.0,0.0,0.0,0.0,0.0,0.0,0.0,0.0,0.0,0.0,0.0,0.0,false,false,false,true
66,59.99987,Nov 3, 2019, 8:10:27 PM,0.0,0.0,0.0,0.0,0.0,0.0,0.0,0.0,0.0,0.0,0.0,0.0,0.0,0.0,0.0,0.0,0.0,0.0,false,false,false,true
66,59.998447,Nov 3, 2019, 8:10:27 PM,0.0,0.0,0.0,0.0,0.0,0.0,0.0,0.0,0.0,0.0,0.0,0.0,0.0,0.0,0.0,0.0,0.0,0.0,false,false,false,true
66,59.996639,Nov 3, 2019, 8:10:27 PM,0.0,0.0,0.0,0.0,0.0,0.0,0.0,0.0,0.0,0.0,0.0,0.0,0.0,0.0,0.0,0.0,0.0,0.0,false,false,false,true
66,59.996277,Nov 3, 2019, 8:10:27 PM,0.0,0.0,0.0,0.0,0.0,0.0,0.0,0.0,0.0,0.0,0.0,0.0,0.0,0.0,0.0,0.0,0.0,0.0,false,false,false,true
66,59.998447,Nov 3, 2019, 8:10:27 PM,0.0,0.0,0.0,0.0,0.0,0.0,0.0,0.0,0.0,0.0,0.0,0.0,0.0,0.0,0.0,0.0,0.0,0.0,false,false,false,true
66,59.999519,Nov 3, 2019, 8:10:27 PM,0.0,0.0,0.0,0.0,0.0,0.0,0.0,0.0,0.0,0.0,0.0,0.0,0.0,0.0,0.0,0.0,0.0,0.0,false,false,false,true
66,59.998798,Nov 3, 2019, 8:10:27 PM,0.0,0.0,0.0,0.0,0.0,0.0,0.0,0.0,0.0,0.0,0.0,0.0,0.0,0.0,0.0,0.0,0.0,0.0,false,false,false,true
66,59.998798,Nov 3, 2019, 8:10:27 PM,0.0,0.0,0.0,0.0,0.0,0.0,0.0,0.0,0.0,0.0,0.0,0.0,0.0,0.0,0.0,0.0,0.0,0.0,false,false,false,true
66,59.997723,Nov 3, 2019, 8:10:27 PM,0.0,0.0,0.0,0.0,0.0,0.0,0.0,0.0,0.0,0.0,0.0,0.0,0.0,0.0,0.0,0.0,0.0,0.0,false,false,false,true
66,59.998798,Nov 3, 2019, 8:10:27 PM,0.0,0.0,0.0,0.0,0.0,0.0,0.0,0.0,0.0,0.0,0.0,0.0,0.0,0.0,0.0,0.0,0.0,0.0,false,false,false,true
66,59.998085,Nov 3, 2019, 8:10:27 PM,0.0,0.0,0.0,0.0,0.0,0.0,0.0,0.0,0.0,0.0,0.0,0.0,0.0,0.0,0.0,0.0,0.0,0.0,false,false,false,true
66,59.998074,Nov 3, 2019, 8:10:27 PM,0.0,0.0,0.0,0.0,0.0,0.0,0.0,0.0,0.0,0.0,0.0,0.0,0.0,0.0,0.0,0.0,0.0,0.0,false,false,false,true
66,59.99881,Nov 3, 2019, 8:10:27 PM,0.0,0.0,0.0,0.0,0.0,0.0,0.0,0.0,0.0,0.0,0.0,0.0,0.0,0.0,0.0,0.0,0.0,0.0,false,false,false,true
66,59.999157,Nov 3, 2019, 8:10:27 PM,0.0,0.0,0.0,0.0,0.0,0.0,0.0,0.0,0.0,0.0,0.0,0.0,0.0,0.0,0.0,0.0,0.0,0.0,false,false,false,true
66,59.998074,Nov 3, 2019, 8:10:27 PM,0.0,0.0,0.0,0.0,0.0,0.0,0.0,0.0,0.0,0.0,0.0,0.0,0.0,0.0,0.0,0.0,0.0,0.0,false,false,false,true
66,59.999157,Nov 3, 2019, 8:10:27 PM,0.0,0.0,0.0,0.0,0.0,0.0,0.0,0.0,0.0,0.0,0.0,0.0,0.0,0.0,0.0,0.0,0.0,0.0,false,false,false,true
66,59.999172,Nov 3, 2019, 8:10:27 PM,0.0,0.0,0.0,0.0,0.0,0.0,0.0,0.0,0.0,0.0,0.0,0.0,0.0,0.0,0.0,0.0,0.0,0.0,false,false,false,true
66,59.998436,Nov 3, 2019, 8:10:27 PM,0.0,0.0,0.0,0.0,0.0,0.0,0.0,0.0,0.0,0.0,0.0,0.0,0.0,0.0,0.0,0.0,0.0,0.0,false,false,false,true
66,59.999519,Nov 3, 2019, 8:10:27 PM,0.0,0.0,0.0,0.0,0.0,0.0,0.0,0.0,0.0,0.0,0.0,0.0,0.0,0.0,0.0,0.0,0.0,0.0,false,false,false,true
66,59.998798,Nov 3, 2019, 8:10:27 PM,0.0,0.0,0.0,0.0,0.0,0.0,0.0,0.0,0.0,0.0,0.0,0.0,0.0,0.0,0.0,0.0,0.0,0.0,false,false,false,true
66,59.999157,Nov 3, 2019, 8:10:27 PM,0.0,0.0,0.0,0.0,0.0,0.0,0.0,0.0,0.0,0.0,0.0,0.0,0.0,0.0,0.0,0.0,0.0,0.0,false,false,false,true
66,59.999519,Nov 3, 2019, 8:10:27 PM,0.0,0.0,0.0,0.0,0.0,0.0,0.0,0.0,0.0,0.0,0.0,0.0,0.0,0.0,0.0,0.0,0.0,0.0,false,false,false,true
66,59.999519,Nov 3, 2019, 8:10:27 PM,0.0,0.0,0.0,0.0,0.0,0.0,0.0,0.0,0.0,0.0,0.0,0.0,0.0,0.0,0.0,0.0,0.0,0.0,false,false,false,true
66,59.996998,Nov 3, 2019, 8:10:28 PM,0.0,0.0,0.0,0.0,0.0,0.0,0.0,0.0,0.0,0.0,0.0,0.0,0.0,0.0,0.0,0.0,0.0,0.0,false,false,false,true
66,59.996998,Nov 3, 2019, 8:10:28 PM,0.0,0.0,0.0,0.0,0.0,0.0,0.0,0.0,0.0,0.0,0.0,0.0,0.0,0.0,0.0,0.0,0.0,0.0,false,false,false,true
66,59.999882,Nov 3, 2019, 8:10:28 PM,0.0,0.0,0.0,0.0,0.0,0.0,0.0,0.0,0.0,0.0,0.0,0.0,0.0,0.0,0.0,0.0,0.0,0.0,false,false,false,true
66,59.998798,Nov 3, 2019, 8:10:28 PM,0.0,0.0,0.0,0.0,0.0,0.0,0.0,0.0,0.0,0.0,0.0,0.0,0.0,0.0,0.0,0.0,0.0,0.0,false,false,false,true
66,59.99881,Nov 3, 2019, 8:10:28 PM,0.0,0.0,0.0,0.0,0.0,0.0,0.0,0.0,0.0,0.0,0.0,0.0,0.0,0.0,0.0,0.0,0.0,0.0,false,false,false,true
66,59.99987,Nov 3, 2019, 8:10:28 PM,0.0,0.0,0.0,0.0,0.0,0.0,0.0,0.0,0.0,0.0,0.0,0.0,0.0,0.0,0.0,0.0,0.0,0.0,false,false,false,true
66,59.999519,Nov 3, 2019, 8:10:28 PM,0.0,0.0,0.0,0.0,0.0,0.0,0.0,0.0,0.0,0.0,0.0,0.0,0.0,0.0,0.0,0.0,0.0,0.0,false,false,false,true
66,59.99736,Nov 3, 2019, 8:10:28 PM,0.0,0.0,0.0,0.0,0.0,0.0,0.0,0.0,0.0,0.0,0.0,0.0,0.0,0.0,0.0,0.0,0.0,0.0,false,false,false,true
66,59.997723,Nov 3, 2019, 8:10:28 PM,0.0,0.0,0.0,0.0,0.0,0.0,0.0,0.0,0.0,0.0,0.0,0.0,0.0,0.0,0.0,0.0,0.0,0.0,false,false,false,true
66,59.967499,Nov 3, 2019, 8:10:28 PM,0.0,0.0,0.0,0.0,0.0,0.0,0.0,0.0,0.0,0.0,0.0,0.0,0.0,0.0,0.0,0.0,0.0,0.0,false,false,false,true
66,59.999157,Nov 3, 2019, 8:10:28 PM,0.0,0.0,0.0,0.0,0.0,0.0,0.0,0.0,0.0,0.0,0.0,0.0,0.0,0.0,0.0,0.0,0.0,0.0,false,false,false,true
66,59.996998,Nov 3, 2019, 8:10:28 PM,0.0,0.0,0.0,0.0,0.0,0.0,0.0,0.0,0.0,0.0,0.0,0.0,0.0,0.0,0.0,0.0,0.0,0.0,false,false,false,true
66,59.998798,Nov 3, 2019, 8:10:28 PM,0.0,0.0,0.0,0.0,0.0,0.0,0.0,0.0,0.0,0.0,0.0,0.0,0.0,0.0,0.0,0.0,0.0,0.0,false,false,false,true
66,59.999519,Nov 3, 2019, 8:10:28 PM,0.0,0.0,0.0,0.0,0.0,0.0,0.0,0.0,0.0,0.0,0.0,0.0,0.0,0.0,0.0,0.0,0.0,0.0,false,false,false,true
66,59.999519,Nov 3, 2019, 8:10:28 PM,0.0,0.0,0.0,0.0,0.0,0.0,0.0,0.0,0.0,0.0,0.0,0.0,0.0,0.0,0.0,0.0,0.0,0.0,false,false,false,true
66,59.997723,Nov 3, 2019, 8:10:28 PM,0.0,0.0,0.0,0.0,0.0,0.0,0.0,0.0,0.0,0.0,0.0,0.0,0.0,0.0,0.0,0.0,0.0,0.0,false,false,false,true
66,59.998798,Nov 3, 2019, 8:10:28 PM,0.0,0.0,0.0,0.0,0.0,0.0,0.0,0.0,0.0,0.0,0.0,0.0,0.0,0.0,0.0,0.0,0.0,0.0,false,false,false,true
66,59.922935,Nov 3, 2019, 8:10:28 PM,0.0,0.0,0.0,0.0,0.0,0.0,0.0,0.0,0.0,0.0,0.0,0.0,0.0,0.0,0.0,0.0,0.0,0.0,false,false,false,true
66,59.996998,Nov 3, 2019, 8:10:28 PM,0.0,0.0,0.0,0.0,0.0,0.0,0.0,0.0,0.0,0.0,0.0,0.0,0.0,0.0,0.0,0.0,0.0,0.0,false,false,false,true
66,59.998447,Nov 3, 2019, 8:10:28 PM,0.0,0.0,0.0,0.0,0.0,0.0,0.0,0.0,0.0,0.0,0.0,0.0,0.0,0.0,0.0,0.0,0.0,0.0,false,false,false,true
66,59.99736,Nov 3, 2019, 8:10:28 PM,0.0,0.0,0.0,0.0,0.0,0.0,0.0,0.0,0.0,0.0,0.0,0.0,0.0,0.0,0.0,0.0,0.0,0.0,false,false,false,true
66,59.996998,Nov 3, 2019, 8:10:28 PM,0.0,0.0,0.0,0.0,0.0,0.0,0.0,0.0,0.0,0.0,0.0,0.0,0.0,0.0,0.0,0.0,0.0,0.0,false,false,false,true
66,59.998798,Nov 3, 2019, 8:10:28 PM,0.0,0.0,0.0,0.0,0.0,0.0,0.0,0.0,0.0,0.0,0.0,0.0,0.0,0.0,0.0,0.0,0.0,0.0,false,false,false,true
66,59.996639,Nov 3, 2019, 8:10:28 PM,0.0,0.0,0.0,0.0,0.0,0.0,0.0,0.0,0.0,0.0,0.0,0.0,0.0,0.0,0.0,0.0,0.0,0.0,false,false,false,true
66,59.997723,Nov 3, 2019, 8:10:28 PM,0.0,0.0,0.0,0.0,0.0,0.0,0.0,0.0,0.0,0.0,0.0,0.0,0.0,0.0,0.0,0.0,0.0,0.0,false,false,false,true
66,59.998798,Nov 3, 2019, 8:10:28 PM,0.0,0.0,0.0,0.0,0.0,0.0,0.0,0.0,0.0,0.0,0.0,0.0,0.0,0.0,0.0,0.0,0.0,0.0,false,false,false,true
66,59.996998,Nov 3, 2019, 8:10:28 PM,0.0,0.0,0.0,0.0,0.0,0.0,0.0,0.0,0.0,0.0,0.0,0.0,0.0,0.0,0.0,0.0,0.0,0.0,false,false,false,true
66,59.996639,Nov 3, 2019, 8:10:28 PM,0.0,0.0,0.0,0.0,0.0,0.0,0.0,0.0,0.0,0.0,0.0,0.0,0.0,0.0,0.0,0.0,0.0,0.0,false,false,false,true
66,59.998085,Nov 3, 2019, 8:10:28 PM,0.0,0.0,0.0,0.0,0.0,0.0,0.0,0.0,0.0,0.0,0.0,0.0,0.0,0.0,0.0,0.0,0.0,0.0,false,false,false,true
66,59.996277,Nov 3, 2019, 8:10:28 PM,0.0,0.0,0.0,0.0,0.0,0.0,0.0,0.0,0.0,0.0,0.0,0.0,0.0,0.0,0.0,0.0,0.0,0.0,false,false,false,true
66,59.999519,Nov 3, 2019, 8:10:28 PM,0.0,0.0,0.0,0.0,0.0,0.0,0.0,0.0,0.0,0.0,0.0,0.0,0.0,0.0,0.0,0.0,0.0,0.0,false,false,false,true
66,59.996639,Nov 3, 2019, 8:10:28 PM,0.0,0.0,0.0,0.0,0.0,0.0,0.0,0.0,0.0,0.0,0.0,0.0,0.0,0.0,0.0,0.0,0.0,0.0,false,false,false,true
66,59.999882,Nov 3, 2019, 8:10:28 PM,0.0,0.0,0.0,0.0,0.0,0.0,0.0,0.0,0.0,0.0,0.0,0.0,0.0,0.0,0.0,0.0,0.0,0.0,false,false,false,true
66,59.998085,Nov 3, 2019, 8:10:28 PM,0.0,0.0,0.0,0.0,0.0,0.0,0.0,0.0,0.0,0.0,0.0,0.0,0.0,0.0,0.0,0.0,0.0,0.0,false,false,false,true
66,59.997711,Nov 3, 2019, 8:10:28 PM,0.0,0.0,0.0,0.0,0.0,0.0,0.0,0.0,0.0,0.0,0.0,0.0,0.0,0.0,0.0,0.0,0.0,0.0,false,false,false,true
66,59.996998,Nov 3, 2019, 8:10:28 PM,0.0,0.0,0.0,0.0,0.0,0.0,0.0,0.0,0.0,0.0,0.0,0.0,0.0,0.0,0.0,0.0,0.0,0.0,false,false,false,true
66,59.999172,Nov 3, 2019, 8:10:28 PM,0.0,0.0,0.0,0.0,0.0,0.0,0.0,0.0,0.0,0.0,0.0,0.0,0.0,0.0,0.0,0.0,0.0,0.0,false,false,false,true
66,59.998798,Nov 3, 2019, 8:10:28 PM,0.0,0.0,0.0,0.0,0.0,0.0,0.0,0.0,0.0,0.0,0.0,0.0,0.0,0.0,0.0,0.0,0.0,0.0,false,false,false,true
66,59.996998,Nov 3, 2019, 8:10:28 PM,0.0,0.0,0.0,0.0,0.0,0.0,0.0,0.0,0.0,0.0,0.0,0.0,0.0,0.0,0.0,0.0,0.0,0.0,false,false,false,true
66,59.997723,Nov 3, 2019, 8:10:28 PM,0.0,0.0,0.0,0.0,0.0,0.0,0.0,0.0,0.0,0.0,0.0,0.0,0.0,0.0,0.0,0.0,0.0,0.0,false,false,false,true
66,59.998798,Nov 3, 2019, 8:10:28 PM,0.0,0.0,0.0,0.0,0.0,0.0,0.0,0.0,0.0,0.0,0.0,0.0,0.0,0.0,0.0,0.0,0.0,0.0,false,false,false,true
66,59.996639,Nov 3, 2019, 8:10:28 PM,0.0,0.0,0.0,0.0,0.0,0.0,0.0,0.0,0.0,0.0,0.0,0.0,0.0,0.0,0.0,0.0,0.0,0.0,false,false,false,true
66,59.996998,Nov 3, 2019, 8:10:28 PM,0.0,0.0,0.0,0.0,0.0,0.0,0.0,0.0,0.0,0.0,0.0,0.0,0.0,0.0,0.0,0.0,0.0,0.0,false,false,false,true
66,59.996639,Nov 3, 2019, 8:10:28 PM,0.0,0.0,0.0,0.0,0.0,0.0,0.0,0.0,0.0,0.0,0.0,0.0,0.0,0.0,0.0,0.0,0.0,0.0,false,false,false,true
66,59.999519,Nov 3, 2019, 8:10:28 PM,0.0,0.0,0.0,0.0,0.0,0.0,0.0,0.0,0.0,0.0,0.0,0.0,0.0,0.0,0.0,0.0,0.0,0.0,false,false,false,true
66,59.998447,Nov 3, 2019, 8:10:28 PM,0.0,0.0,0.0,0.0,0.0,0.0,0.0,0.0,0.0,0.0,0.0,0.0,0.0,0.0,0.0,0.0,0.0,0.0,false,false,false,true
66,59.980442,Nov 3, 2019, 8:10:28 PM,0.0,0.0,0.0,0.0,0.0,0.0,0.0,0.0,0.0,0.0,0.0,0.0,0.0,0.0,0.0,0.0,0.0,0.0,false,false,false,true
66,59.996998,Nov 3, 2019, 8:10:28 PM,0.0,0.0,0.0,0.0,0.0,0.0,0.0,0.0,0.0,0.0,0.0,0.0,0.0,0.0,0.0,0.0,0.0,0.0,false,false,false,true
66,59.999519,Nov 3, 2019, 8:10:28 PM,0.0,0.0,0.0,0.0,0.0,0.0,0.0,0.0,0.0,0.0,0.0,0.0,0.0,0.0,0.0,0.0,0.0,0.0,false,false,false,true
66,59.998436,Nov 3, 2019, 8:10:28 PM,0.0,0.0,0.0,0.0,0.0,0.0,0.0,0.0,0.0,0.0,0.0,0.0,0.0,0.0,0.0,0.0,0.0,0.0,false,false,false,true
66,59.998798,Nov 3, 2019, 8:10:28 PM,0.0,0.0,0.0,0.0,0.0,0.0,0.0,0.0,0.0,0.0,0.0,0.0,0.0,0.0,0.0,0.0,0.0,0.0,false,false,false,true
66,59.999882,Nov 3, 2019, 8:10:28 PM,0.0,0.0,0.0,0.0,0.0,0.0,0.0,0.0,0.0,0.0,0.0,0.0,0.0,0.0,0.0,0.0,0.0,0.0,false,false,false,true
66,59.999157,Nov 3, 2019, 8:10:28 PM,0.0,0.0,0.0,0.0,0.0,0.0,0.0,0.0,0.0,0.0,0.0,0.0,0.0,0.0,0.0,0.0,0.0,0.0,false,false,false,true
66,59.997723,Nov 3, 2019, 8:10:28 PM,0.0,0.0,0.0,0.0,0.0,0.0,0.0,0.0,0.0,0.0,0.0,0.0,0.0,0.0,0.0,0.0,0.0,0.0,false,false,false,true
66,59.99736,Nov 3, 2019, 8:10:28 PM,0.0,0.0,0.0,0.0,0.0,0.0,0.0,0.0,0.0,0.0,0.0,0.0,0.0,0.0,0.0,0.0,0.0,0.0,false,false,false,true
66,59.998798,Nov 3, 2019, 8:10:28 PM,0.0,0.0,0.0,0.0,0.0,0.0,0.0,0.0,0.0,0.0,0.0,0.0,0.0,0.0,0.0,0.0,0.0,0.0,false,false,false,true
66,59.998085,Nov 3, 2019, 8:10:28 PM,0.0,0.0,0.0,0.0,0.0,0.0,0.0,0.0,0.0,0.0,0.0,0.0,0.0,0.0,0.0,0.0,0.0,0.0,false,false,false,true
66,59.99736,Nov 3, 2019, 8:10:28 PM,0.0,0.0,0.0,0.0,0.0,0.0,0.0,0.0,0.0,0.0,0.0,0.0,0.0,0.0,0.0,0.0,0.0,0.0,false,false,false,true
66,59.99736,Nov 3, 2019, 8:10:28 PM,0.0,0.0,0.0,0.0,0.0,0.0,0.0,0.0,0.0,0.0,0.0,0.0,0.0,0.0,0.0,0.0,0.0,0.0,false,false,false,true
66,59.998798,Nov 3, 2019, 8:10:28 PM,0.0,0.0,0.0,0.0,0.0,0.0,0.0,0.0,0.0,0.0,0.0,0.0,0.0,0.0,0.0,0.0,0.0,0.0,false,false,false,true
66,59.999882,Nov 3, 2019, 8:10:29 PM,0.0,0.0,0.0,0.0,0.0,0.0,0.0,0.0,0.0,0.0,0.0,0.0,0.0,0.0,0.0,0.0,0.0,0.0,false,false,false,true
66,59.917183,Nov 3, 2019, 8:10:29 PM,0.0,0.0,0.0,0.0,0.0,0.0,0.0,0.0,0.0,0.0,0.0,0.0,0.0,0.0,0.0,0.0,0.0,0.0,false,false,false,true
66,59.885624,Nov 3, 2019, 8:10:29 PM,0.0,0.0,0.0,0.0,0.0,0.0,0.0,0.0,0.0,0.0,0.0,0.0,0.0,0.0,0.0,0.0,0.0,0.0,false,false,false,true
66,59.998798,Nov 3, 2019, 8:10:29 PM,0.0,0.0,0.0,0.0,0.0,0.0,0.0,0.0,0.0,0.0,0.0,0.0,0.0,0.0,0.0,0.0,0.0,0.0,false,false,false,true
66,59.99736,Nov 3, 2019, 8:10:29 PM,0.0,0.0,0.0,0.0,0.0,0.0,0.0,0.0,0.0,0.0,0.0,0.0,0.0,0.0,0.0,0.0,0.0,0.0,false,false,false,true
66,59.945927,Nov 3, 2019, 8:10:29 PM,0.0,0.0,0.0,0.0,0.0,0.0,0.0,0.0,0.0,0.0,0.0,0.0,0.0,0.0,0.0,0.0,0.0,0.0,false,false,false,true
66,58.568584,Nov 3, 2019, 8:10:29 PM,0.0,0.0,0.0,0.0,0.0,0.0,0.0,0.0,0.0,0.0,0.0,0.0,0.0,0.0,0.0,0.0,0.0,0.0,false,false,false,true
66,58.659634,Nov 3, 2019, 8:10:29 PM,0.0,0.0,0.0,0.0,0.0,0.0,0.0,0.0,0.0,0.0,0.0,0.0,0.0,0.0,0.0,0.0,0.0,0.0,false,false,false,true
66,43.559505,Nov 3, 2019, 8:10:29 PM,0.0,0.0,0.0,0.0,0.0,0.0,0.0,0.0,0.0,0.0,0.0,0.0,0.0,0.0,0.0,0.0,0.0,0.0,false,false,false,true
66,59.954201,Nov 3, 2019, 8:10:29 PM,0.0,0.0,0.0,0.0,0.0,0.0,0.0,0.0,0.0,0.0,0.0,0.0,0.0,0.0,0.0,0.0,0.0,0.0,false,false,false,true
66,59.988365,Nov 3, 2019, 8:10:29 PM,0.0,0.0,0.0,0.0,0.0,0.0,0.0,0.0,0.0,0.0,0.0,0.0,0.0,0.0,0.0,0.0,0.0,0.0,false,false,false,true
66,59.985481,Nov 3, 2019, 8:10:29 PM,0.0,0.0,0.0,0.0,0.0,0.0,0.0,0.0,0.0,0.0,0.0,0.0,0.0,0.0,0.0,0.0,0.0,0.0,false,false,false,true
66,59.981514,Nov 3, 2019, 8:10:29 PM,0.0,0.0,0.0,0.0,0.0,0.0,0.0,0.0,0.0,0.0,0.0,0.0,0.0,0.0,0.0,0.0,0.0,0.0,false,false,false,true
66,59.943062,Nov 3, 2019, 8:10:29 PM,0.0,0.0,0.0,0.0,0.0,0.0,0.0,0.0,0.0,0.0,0.0,0.0,0.0,0.0,0.0,0.0,0.0,0.0,false,false,false,true
66,59.981892,Nov 3, 2019, 8:10:29 PM,0.0,0.0,0.0,0.0,0.0,0.0,0.0,0.0,0.0,0.0,0.0,0.0,0.0,0.0,0.0,0.0,0.0,0.0,false,false,false,true
66,59.966415,Nov 3, 2019, 8:10:29 PM,0.0,0.0,0.0,0.0,0.0,0.0,0.0,0.0,0.0,0.0,0.0,0.0,0.0,0.0,0.0,0.0,0.0,0.0,false,false,false,true
66,59.990162,Nov 3, 2019, 8:10:29 PM,0.0,0.0,0.0,0.0,0.0,0.0,0.0,0.0,0.0,0.0,0.0,0.0,0.0,0.0,0.0,0.0,0.0,0.0,false,false,false,true
66,59.976852,Nov 3, 2019, 8:10:29 PM,0.0,0.0,0.0,0.0,0.0,0.0,0.0,0.0,0.0,0.0,0.0,0.0,0.0,0.0,0.0,0.0,0.0,0.0,false,false,false,true
66,59.98476,Nov 3, 2019, 8:10:29 PM,0.0,0.0,0.0,0.0,0.0,0.0,0.0,0.0,0.0,0.0,0.0,0.0,0.0,0.0,0.0,0.0,0.0,0.0,false,false,false,true
66,59.993404,Nov 3, 2019, 8:10:29 PM,0.0,0.0,0.0,0.0,0.0,0.0,0.0,0.0,0.0,0.0,0.0,0.0,0.0,0.0,0.0,0.0,0.0,0.0,false,false,false,true
66,59.982964,Nov 3, 2019, 8:10:29 PM,0.0,0.0,0.0,0.0,0.0,0.0,0.0,0.0,0.0,0.0,0.0,0.0,0.0,0.0,0.0,0.0,0.0,0.0,false,false,false,true
66,59.991596,Nov 3, 2019, 8:10:29 PM,0.0,0.0,0.0,0.0,0.0,0.0,0.0,0.0,0.0,0.0,0.0,0.0,0.0,0.0,0.0,0.0,0.0,0.0,false,false,false,true
66,59.990887,Nov 3, 2019, 8:10:29 PM,0.0,0.0,0.0,0.0,0.0,0.0,0.0,0.0,0.0,0.0,0.0,0.0,0.0,0.0,0.0,0.0,0.0,0.0,false,false,false,true
66,59.979008,Nov 3, 2019, 8:10:29 PM,0.0,0.0,0.0,0.0,0.0,0.0,0.0,0.0,0.0,0.0,0.0,0.0,0.0,0.0,0.0,0.0,0.0,0.0,false,false,false,true
66,59.966415,Nov 3, 2019, 8:10:29 PM,0.0,0.0,0.0,0.0,0.0,0.0,0.0,0.0,0.0,0.0,0.0,0.0,0.0,0.0,0.0,0.0,0.0,0.0,false,false,false,true
66,59.988365,Nov 3, 2019, 8:10:29 PM,0.0,0.0,0.0,0.0,0.0,0.0,0.0,0.0,0.0,0.0,0.0,0.0,0.0,0.0,0.0,0.0,0.0,0.0,false,false,false,true
66,59.995914,Nov 3, 2019, 8:10:29 PM,0.0,0.0,0.0,0.0,0.0,0.0,0.0,0.0,0.0,0.0,0.0,0.0,0.0,0.0,0.0,0.0,0.0,0.0,false,false,false,true
66,59.998085,Nov 3, 2019, 8:10:29 PM,0.0,0.0,0.0,0.0,0.0,0.0,0.0,0.0,0.0,0.0,0.0,0.0,0.0,0.0,0.0,0.0,0.0,0.0,false,false,false,true
66,59.996639,Nov 3, 2019, 8:10:29 PM,0.0,0.0,0.0,0.0,0.0,0.0,0.0,0.0,0.0,0.0,0.0,0.0,0.0,0.0,0.0,0.0,0.0,0.0,false,false,false,true
66,59.999157,Nov 3, 2019, 8:10:29 PM,0.0,0.0,0.0,0.0,0.0,0.0,0.0,0.0,0.0,0.0,0.0,0.0,0.0,0.0,0.0,0.0,0.0,0.0,false,false,false,true
66,59.999519,Nov 3, 2019, 8:10:29 PM,0.0,0.0,0.0,0.0,0.0,0.0,0.0,0.0,0.0,0.0,0.0,0.0,0.0,0.0,0.0,0.0,0.0,0.0,false,false,false,true
66,59.956718,Nov 3, 2019, 8:10:29 PM,0.0,0.0,0.0,0.0,0.0,0.0,0.0,0.0,0.0,0.0,0.0,0.0,0.0,0.0,0.0,0.0,0.0,0.0,false,false,false,true
66,59.996998,Nov 3, 2019, 8:10:29 PM,0.0,0.0,0.0,0.0,0.0,0.0,0.0,0.0,0.0,0.0,0.0,0.0,0.0,0.0,0.0,0.0,0.0,0.0,false,false,false,true
66,59.999157,Nov 3, 2019, 8:10:29 PM,0.0,0.0,0.0,0.0,0.0,0.0,0.0,0.0,0.0,0.0,0.0,0.0,0.0,0.0,0.0,0.0,0.0,0.0,false,false,false,true
66,59.991234,Nov 3, 2019, 8:10:29 PM,0.0,0.0,0.0,0.0,0.0,0.0,0.0,0.0,0.0,0.0,0.0,0.0,0.0,0.0,0.0,0.0,0.0,0.0,false,false,false,true
66,59.996998,Nov 3, 2019, 8:10:29 PM,0.0,0.0,0.0,0.0,0.0,0.0,0.0,0.0,0.0,0.0,0.0,0.0,0.0,0.0,0.0,0.0,0.0,0.0,false,false,false,true
66,59.999172,Nov 3, 2019, 8:10:29 PM,0.0,0.0,0.0,0.0,0.0,0.0,0.0,0.0,0.0,0.0,0.0,0.0,0.0,0.0,0.0,0.0,0.0,0.0,false,false,false,true
66,59.997349,Nov 3, 2019, 8:10:29 PM,0.0,0.0,0.0,0.0,0.0,0.0,0.0,0.0,0.0,0.0,0.0,0.0,0.0,0.0,0.0,0.0,0.0,0.0,false,false,false,true
66,59.996651,Nov 3, 2019, 8:10:29 PM,0.0,0.0,0.0,0.0,0.0,0.0,0.0,0.0,0.0,0.0,0.0,0.0,0.0,0.0,0.0,0.0,0.0,0.0,false,false,false,true
66,59.99987,Nov 3, 2019, 8:10:29 PM,0.0,0.0,0.0,0.0,0.0,0.0,0.0,0.0,0.0,0.0,0.0,0.0,0.0,0.0,0.0,0.0,0.0,0.0,false,false,false,true
66,59.998085,Nov 3, 2019, 8:10:29 PM,0.0,0.0,0.0,0.0,0.0,0.0,0.0,0.0,0.0,0.0,0.0,0.0,0.0,0.0,0.0,0.0,0.0,0.0,false,false,false,true
66,59.998085,Nov 3, 2019, 8:10:29 PM,0.0,0.0,0.0,0.0,0.0,0.0,0.0,0.0,0.0,0.0,0.0,0.0,0.0,0.0,0.0,0.0,0.0,0.0,false,false,false,true
66,59.998436,Nov 3, 2019, 8:10:29 PM,0.0,0.0,0.0,0.0,0.0,0.0,0.0,0.0,0.0,0.0,0.0,0.0,0.0,0.0,0.0,0.0,0.0,0.0,false,false,false,true
66,59.999519,Nov 3, 2019, 8:10:29 PM,0.0,0.0,0.0,0.0,0.0,0.0,0.0,0.0,0.0,0.0,0.0,0.0,0.0,0.0,0.0,0.0,0.0,0.0,false,false,false,true
66,59.99736,Nov 3, 2019, 8:10:29 PM,0.0,0.0,0.0,0.0,0.0,0.0,0.0,0.0,0.0,0.0,0.0,0.0,0.0,0.0,0.0,0.0,0.0,0.0,false,false,false,true
66,59.972176,Nov 3, 2019, 8:10:29 PM,0.0,0.0,0.0,0.0,0.0,0.0,0.0,0.0,0.0,0.0,0.0,0.0,0.0,0.0,0.0,0.0,0.0,0.0,false,false,false,true
66,59.999519,Nov 3, 2019, 8:10:29 PM,0.0,0.0,0.0,0.0,0.0,0.0,0.0,0.0,0.0,0.0,0.0,0.0,0.0,0.0,0.0,0.0,0.0,0.0,false,false,false,true
66,59.999157,Nov 3, 2019, 8:10:29 PM,0.0,0.0,0.0,0.0,0.0,0.0,0.0,0.0,0.0,0.0,0.0,0.0,0.0,0.0,0.0,0.0,0.0,0.0,false,false,false,true
66,59.996639,Nov 3, 2019, 8:10:29 PM,0.0,0.0,0.0,0.0,0.0,0.0,0.0,0.0,0.0,0.0,0.0,0.0,0.0,0.0,0.0,0.0,0.0,0.0,false,false,false,true
66,59.99736,Nov 3, 2019, 8:10:29 PM,0.0,0.0,0.0,0.0,0.0,0.0,0.0,0.0,0.0,0.0,0.0,0.0,0.0,0.0,0.0,0.0,0.0,0.0,false,false,false,true
66,59.750008,Nov 3, 2019, 8:10:29 PM,0.0,0.0,0.0,0.0,0.0,0.0,0.0,0.0,0.0,0.0,0.0,0.0,0.0,0.0,0.0,0.0,0.0,0.0,false,false,false,true
66,59.998436,Nov 3, 2019, 8:10:29 PM,0.0,0.0,0.0,0.0,0.0,0.0,0.0,0.0,0.0,0.0,0.0,0.0,0.0,0.0,0.0,0.0,0.0,0.0,false,false,false,true
66,59.996639,Nov 3, 2019, 8:10:29 PM,0.0,0.0,0.0,0.0,0.0,0.0,0.0,0.0,0.0,0.0,0.0,0.0,0.0,0.0,0.0,0.0,0.0,0.0,false,false,false,true
66,59.996998,Nov 3, 2019, 8:10:29 PM,0.0,0.0,0.0,0.0,0.0,0.0,0.0,0.0,0.0,0.0,0.0,0.0,0.0,0.0,0.0,0.0,0.0,0.0,false,false,false,true
66,59.99736,Nov 3, 2019, 8:10:29 PM,0.0,0.0,0.0,0.0,0.0,0.0,0.0,0.0,0.0,0.0,0.0,0.0,0.0,0.0,0.0,0.0,0.0,0.0,false,false,false,true
66,59.999157,Nov 3, 2019, 8:10:29 PM,0.0,0.0,0.0,0.0,0.0,0.0,0.0,0.0,0.0,0.0,0.0,0.0,0.0,0.0,0.0,0.0,0.0,0.0,false,false,false,true
66,59.998085,Nov 3, 2019, 8:10:29 PM,0.0,0.0,0.0,0.0,0.0,0.0,0.0,0.0,0.0,0.0,0.0,0.0,0.0,0.0,0.0,0.0,0.0,0.0,false,false,false,true
66,59.996998,Nov 3, 2019, 8:10:29 PM,0.0,0.0,0.0,0.0,0.0,0.0,0.0,0.0,0.0,0.0,0.0,0.0,0.0,0.0,0.0,0.0,0.0,0.0,false,false,false,true
66,59.996639,Nov 3, 2019, 8:10:29 PM,0.0,0.0,0.0,0.0,0.0,0.0,0.0,0.0,0.0,0.0,0.0,0.0,0.0,0.0,0.0,0.0,0.0,0.0,false,false,false,true
66,59.999157,Nov 3, 2019, 8:10:29 PM,0.0,0.0,0.0,0.0,0.0,0.0,0.0,0.0,0.0,0.0,0.0,0.0,0.0,0.0,0.0,0.0,0.0,0.0,false,false,false,true
66,59.999882,Nov 3, 2019, 8:10:30 PM,0.0,0.0,0.0,0.0,0.0,0.0,0.0,0.0,0.0,0.0,0.0,0.0,0.0,0.0,0.0,0.0,0.0,0.0,false,false,false,true
66,59.996639,Nov 3, 2019, 8:10:30 PM,0.0,0.0,0.0,0.0,0.0,0.0,0.0,0.0,0.0,0.0,0.0,0.0,0.0,0.0,0.0,0.0,0.0,0.0,false,false,false,true
66,59.996277,Nov 3, 2019, 8:10:30 PM,0.0,0.0,0.0,0.0,0.0,0.0,0.0,0.0,0.0,0.0,0.0,0.0,0.0,0.0,0.0,0.0,0.0,0.0,false,false,false,true
66,59.998447,Nov 3, 2019, 8:10:30 PM,0.0,0.0,0.0,0.0,0.0,0.0,0.0,0.0,0.0,0.0,0.0,0.0,0.0,0.0,0.0,0.0,0.0,0.0,false,false,false,true
66,59.998798,Nov 3, 2019, 8:10:30 PM,0.0,0.0,0.0,0.0,0.0,0.0,0.0,0.0,0.0,0.0,0.0,0.0,0.0,0.0,0.0,0.0,0.0,0.0,false,false,false,true
66,59.998798,Nov 3, 2019, 8:10:30 PM,0.0,0.0,0.0,0.0,0.0,0.0,0.0,0.0,0.0,0.0,0.0,0.0,0.0,0.0,0.0,0.0,0.0,0.0,false,false,false,true
66,59.999519,Nov 3, 2019, 8:10:30 PM,0.0,0.0,0.0,0.0,0.0,0.0,0.0,0.0,0.0,0.0,0.0,0.0,0.0,0.0,0.0,0.0,0.0,0.0,false,false,false,true
66,59.998447,Nov 3, 2019, 8:10:30 PM,0.0,0.0,0.0,0.0,0.0,0.0,0.0,0.0,0.0,0.0,0.0,0.0,0.0,0.0,0.0,0.0,0.0,0.0,false,false,false,true
66,59.932274,Nov 3, 2019, 8:10:30 PM,0.0,0.0,0.0,0.0,0.0,0.0,0.0,0.0,0.0,0.0,0.0,0.0,0.0,0.0,0.0,0.0,0.0,0.0,false,false,false,true
66,59.996639,Nov 3, 2019, 8:10:30 PM,0.0,0.0,0.0,0.0,0.0,0.0,0.0,0.0,0.0,0.0,0.0,0.0,0.0,0.0,0.0,0.0,0.0,0.0,false,false,false,true
66,59.996639,Nov 3, 2019, 8:10:30 PM,0.0,0.0,0.0,0.0,0.0,0.0,0.0,0.0,0.0,0.0,0.0,0.0,0.0,0.0,0.0,0.0,0.0,0.0,false,false,false,true
66,59.993404,Nov 3, 2019, 8:10:30 PM,0.0,0.0,0.0,0.0,0.0,0.0,0.0,0.0,0.0,0.0,0.0,0.0,0.0,0.0,0.0,0.0,0.0,0.0,false,false,false,true
66,59.987278,Nov 3, 2019, 8:10:30 PM,0.0,0.0,0.0,0.0,0.0,0.0,0.0,0.0,0.0,0.0,0.0,0.0,0.0,0.0,0.0,0.0,0.0,0.0,false,false,false,true
66,59.996288,Nov 3, 2019, 8:10:30 PM,0.0,0.0,0.0,0.0,0.0,0.0,0.0,0.0,0.0,0.0,0.0,0.0,0.0,0.0,0.0,0.0,0.0,0.0,false,false,false,true
66,59.991596,Nov 3, 2019, 8:10:30 PM,0.0,0.0,0.0,0.0,0.0,0.0,0.0,0.0,0.0,0.0,0.0,0.0,0.0,0.0,0.0,0.0,0.0,0.0,false,false,false,true
66,59.999882,Nov 3, 2019, 8:10:30 PM,0.0,0.0,0.0,0.0,0.0,0.0,0.0,0.0,0.0,0.0,0.0,0.0,0.0,0.0,0.0,0.0,0.0,0.0,false,false,false,true
66,59.999157,Nov 3, 2019, 8:10:30 PM,0.0,0.0,0.0,0.0,0.0,0.0,0.0,0.0,0.0,0.0,0.0,0.0,0.0,0.0,0.0,0.0,0.0,0.0,false,false,false,true
66,59.998074,Nov 3, 2019, 8:10:30 PM,0.0,0.0,0.0,0.0,0.0,0.0,0.0,0.0,0.0,0.0,0.0,0.0,0.0,0.0,0.0,0.0,0.0,0.0,false,false,false,true
66,59.996651,Nov 3, 2019, 8:10:30 PM,0.0,0.0,0.0,0.0,0.0,0.0,0.0,0.0,0.0,0.0,0.0,0.0,0.0,0.0,0.0,0.0,0.0,0.0,false,false,false,true
66,59.997711,Nov 3, 2019, 8:10:30 PM,0.0,0.0,0.0,0.0,0.0,0.0,0.0,0.0,0.0,0.0,0.0,0.0,0.0,0.0,0.0,0.0,0.0,0.0,false,false,false,true
66,59.996998,Nov 3, 2019, 8:10:30 PM,0.0,0.0,0.0,0.0,0.0,0.0,0.0,0.0,0.0,0.0,0.0,0.0,0.0,0.0,0.0,0.0,0.0,0.0,false,false,false,true
66,59.993046,Nov 3, 2019, 8:10:30 PM,0.0,0.0,0.0,0.0,0.0,0.0,0.0,0.0,0.0,0.0,0.0,0.0,0.0,0.0,0.0,0.0,0.0,0.0,false,false,false,true
66,59.99736,Nov 3, 2019, 8:10:30 PM,0.0,0.0,0.0,0.0,0.0,0.0,0.0,0.0,0.0,0.0,0.0,0.0,0.0,0.0,0.0,0.0,0.0,0.0,false,false,false,true
66,59.998798,Nov 3, 2019, 8:10:30 PM,0.0,0.0,0.0,0.0,0.0,0.0,0.0,0.0,0.0,0.0,0.0,0.0,0.0,0.0,0.0,0.0,0.0,0.0,false,false,false,true
66,59.996639,Nov 3, 2019, 8:10:30 PM,0.0,0.0,0.0,0.0,0.0,0.0,0.0,0.0,0.0,0.0,0.0,0.0,0.0,0.0,0.0,0.0,0.0,0.0,false,false,false,true
66,59.99881,Nov 3, 2019, 8:10:30 PM,0.0,0.0,0.0,0.0,0.0,0.0,0.0,0.0,0.0,0.0,0.0,0.0,0.0,0.0,0.0,0.0,0.0,0.0,false,false,false,true
