ID,FPS,TimeStamp,PlayerHead_X,PlayerHead_Y,PlayerHead_Z,PlayerHeadRot_X,PlayerHeadRot_Y,PlayerHeadRot_Z,PlayerHandRightPos_X,PlayerHandRightPos_Y,PlayerHandRightPos_Z,PlayerHandRightRot_X,PlayerHandRightRot_Y,PlayerHandRightRot_Z,PlayerHandLeftPos_X,PlayerHandLeftPos_Y,PlayerHandLeftPos_Z,PlayerHandLeftRot_X,PlayerHandLeftRot_Y,PlayerHandLeftRot_Z,HasPickedUpDrawTool,HasPaintedWall,HasPressedVRButton,HasCompletedTutorial
77,2.5,Nov 4, 2019, 8:45:37 PM,0.0,0.0,0.0,0.0,0.0,0.0,0.0,0.0,0.0,0.0,0.0,0.0,0.0,0.0,0.0,0.0,0.0,0.0,false,false,false,false
77,38.890984,Nov 4, 2019, 8:45:37 PM,0.0,0.0,0.0,0.0,0.0,0.0,0.0,0.0,0.0,0.0,0.0,0.0,0.0,0.0,0.0,0.0,0.0,0.0,false,false,false,false
77,36.61676,Nov 4, 2019, 8:45:37 PM,0.0,0.0,0.0,0.0,0.0,0.0,0.0,0.0,0.0,0.0,0.0,0.0,0.0,0.0,0.0,0.0,0.0,0.0,false,false,false,false
77,43.173229,Nov 4, 2019, 8:45:37 PM,0.0,0.0,0.0,0.0,0.0,0.0,0.0,0.0,0.0,0.0,0.0,0.0,0.0,0.0,0.0,0.0,0.0,0.0,false,false,false,false
77,41.467106,Nov 4, 2019, 8:45:37 PM,0.0,0.0,0.0,0.0,0.0,0.0,0.0,0.0,0.0,0.0,0.0,0.0,0.0,0.0,0.0,0.0,0.0,0.0,false,false,false,false
77,39.32085,Nov 4, 2019, 8:45:37 PM,0.0,0.0,0.0,0.0,0.0,0.0,0.0,0.0,0.0,0.0,0.0,0.0,0.0,0.0,0.0,0.0,0.0,0.0,false,false,false,false
77,42.434921,Nov 4, 2019, 8:45:37 PM,0.0,0.0,0.0,0.0,0.0,0.0,0.0,0.0,0.0,0.0,0.0,0.0,0.0,0.0,0.0,0.0,0.0,0.0,false,false,false,false
77,41.043659,Nov 4, 2019, 8:45:37 PM,0.0,0.0,0.0,0.0,0.0,0.0,0.0,0.0,0.0,0.0,0.0,0.0,0.0,0.0,0.0,0.0,0.0,0.0,false,false,false,false
77,35.630424,Nov 4, 2019, 8:45:37 PM,0.0,0.0,0.0,0.0,0.0,0.0,0.0,0.0,0.0,0.0,0.0,0.0,0.0,0.0,0.0,0.0,0.0,0.0,false,false,false,false
77,37.988003,Nov 4, 2019, 8:45:37 PM,0.0,0.0,0.0,0.0,0.0,0.0,0.0,0.0,0.0,0.0,0.0,0.0,0.0,0.0,0.0,0.0,0.0,0.0,false,false,false,false
77,40.480095,Nov 4, 2019, 8:45:37 PM,0.0,0.0,0.0,0.0,0.0,0.0,0.0,0.0,0.0,0.0,0.0,0.0,0.0,0.0,0.0,0.0,0.0,0.0,false,false,false,false
77,41.484306,Nov 4, 2019, 8:45:37 PM,0.0,0.0,0.0,0.0,0.0,0.0,0.0,0.0,0.0,0.0,0.0,0.0,0.0,0.0,0.0,0.0,0.0,0.0,false,false,false,false
77,42.046486,Nov 4, 2019, 8:45:38 PM,0.0,0.0,0.0,0.0,0.0,0.0,0.0,0.0,0.0,0.0,0.0,0.0,0.0,0.0,0.0,0.0,0.0,0.0,false,false,false,false
77,42.857574,Nov 4, 2019, 8:45:38 PM,0.0,0.0,0.0,0.0,0.0,0.0,0.0,0.0,0.0,0.0,0.0,0.0,0.0,0.0,0.0,0.0,0.0,0.0,false,false,false,false
77,41.44442,Nov 4, 2019, 8:45:38 PM,0.0,0.0,0.0,0.0,0.0,0.0,0.0,0.0,0.0,0.0,0.0,0.0,0.0,0.0,0.0,0.0,0.0,0.0,false,false,false,false
77,42.411697,Nov 4, 2019, 8:45:38 PM,0.0,0.0,0.0,0.0,0.0,0.0,0.0,0.0,0.0,0.0,0.0,0.0,0.0,0.0,0.0,0.0,0.0,0.0,false,false,false,false
77,41.185143,Nov 4, 2019, 8:45:38 PM,0.0,0.0,0.0,0.0,0.0,0.0,0.0,0.0,0.0,0.0,0.0,0.0,0.0,0.0,0.0,0.0,0.0,0.0,false,false,false,false
77,43.208309,Nov 4, 2019, 8:45:38 PM,0.0,0.0,0.0,0.0,0.0,0.0,0.0,0.0,0.0,0.0,0.0,0.0,0.0,0.0,0.0,0.0,0.0,0.0,false,false,false,false
77,41.648098,Nov 4, 2019, 8:45:38 PM,0.0,0.0,0.0,0.0,0.0,0.0,0.0,0.0,0.0,0.0,0.0,0.0,0.0,0.0,0.0,0.0,0.0,0.0,false,false,false,false
77,43.164474,Nov 4, 2019, 8:45:38 PM,0.0,0.0,0.0,0.0,0.0,0.0,0.0,0.0,0.0,0.0,0.0,0.0,0.0,0.0,0.0,0.0,0.0,0.0,false,false,false,false
77,38.884029,Nov 4, 2019, 8:45:38 PM,0.0,0.0,0.0,0.0,0.0,0.0,0.0,0.0,0.0,0.0,0.0,0.0,0.0,0.0,0.0,0.0,0.0,0.0,false,false,false,false
77,41.325214,Nov 4, 2019, 8:45:38 PM,0.0,0.0,0.0,0.0,0.0,0.0,0.0,0.0,0.0,0.0,0.0,0.0,0.0,0.0,0.0,0.0,0.0,0.0,false,false,false,false
77,40.692757,Nov 4, 2019, 8:45:38 PM,0.0,0.0,0.0,0.0,0.0,0.0,0.0,0.0,0.0,0.0,0.0,0.0,0.0,0.0,0.0,0.0,0.0,0.0,false,false,false,false
77,41.789074,Nov 4, 2019, 8:45:38 PM,0.0,0.0,0.0,0.0,0.0,0.0,0.0,0.0,0.0,0.0,0.0,0.0,0.0,0.0,0.0,0.0,0.0,0.0,false,false,false,false
77,38.01833,Nov 4, 2019, 8:45:38 PM,0.0,0.0,0.0,0.0,0.0,0.0,0.0,0.0,0.0,0.0,0.0,0.0,0.0,0.0,0.0,0.0,0.0,0.0,false,false,false,false
77,38.943542,Nov 4, 2019, 8:45:38 PM,0.0,0.0,0.0,0.0,0.0,0.0,0.0,0.0,0.0,0.0,0.0,0.0,0.0,0.0,0.0,0.0,0.0,0.0,false,false,false,false
77,37.178452,Nov 4, 2019, 8:45:38 PM,0.0,0.0,0.0,0.0,0.0,0.0,0.0,0.0,0.0,0.0,0.0,0.0,0.0,0.0,0.0,0.0,0.0,0.0,false,false,false,false
77,40.156773,Nov 4, 2019, 8:45:38 PM,0.0,0.0,0.0,0.0,0.0,0.0,0.0,0.0,0.0,0.0,0.0,0.0,0.0,0.0,0.0,0.0,0.0,0.0,false,false,false,false
77,39.558212,Nov 4, 2019, 8:45:38 PM,0.0,0.0,0.0,0.0,0.0,0.0,0.0,0.0,0.0,0.0,0.0,0.0,0.0,0.0,0.0,0.0,0.0,0.0,false,false,false,false
77,39.827946,Nov 4, 2019, 8:45:38 PM,0.0,0.0,0.0,0.0,0.0,0.0,0.0,0.0,0.0,0.0,0.0,0.0,0.0,0.0,0.0,0.0,0.0,0.0,false,false,false,false
77,40.2523,Nov 4, 2019, 8:45:38 PM,0.0,0.0,0.0,0.0,0.0,0.0,0.0,0.0,0.0,0.0,0.0,0.0,0.0,0.0,0.0,0.0,0.0,0.0,false,false,false,false
77,42.425739,Nov 4, 2019, 8:45:38 PM,0.0,0.0,0.0,0.0,0.0,0.0,0.0,0.0,0.0,0.0,0.0,0.0,0.0,0.0,0.0,0.0,0.0,0.0,false,false,false,false
77,38.245159,Nov 4, 2019, 8:45:38 PM,0.0,0.0,0.0,0.0,0.0,0.0,0.0,0.0,0.0,0.0,0.0,0.0,0.0,0.0,0.0,0.0,0.0,0.0,false,false,false,false
77,42.199966,Nov 4, 2019, 8:45:38 PM,0.0,0.0,0.0,0.0,0.0,0.0,0.0,0.0,0.0,0.0,0.0,0.0,0.0,0.0,0.0,0.0,0.0,0.0,false,false,false,false
77,41.003101,Nov 4, 2019, 8:45:38 PM,0.0,0.0,0.0,0.0,0.0,0.0,0.0,0.0,0.0,0.0,0.0,0.0,0.0,0.0,0.0,0.0,0.0,0.0,false,false,false,false
77,39.702232,Nov 4, 2019, 8:45:38 PM,0.0,0.0,0.0,0.0,0.0,0.0,0.0,0.0,0.0,0.0,0.0,0.0,0.0,0.0,0.0,0.0,0.0,0.0,false,false,false,false
77,41.658337,Nov 4, 2019, 8:45:38 PM,0.0,0.0,0.0,0.0,0.0,0.0,0.0,0.0,0.0,0.0,0.0,0.0,0.0,0.0,0.0,0.0,0.0,0.0,false,false,false,false
77,41.560165,Nov 4, 2019, 8:45:38 PM,0.0,0.0,0.0,0.0,0.0,0.0,0.0,0.0,0.0,0.0,0.0,0.0,0.0,0.0,0.0,0.0,0.0,0.0,false,false,false,false
77,40.957756,Nov 4, 2019, 8:45:38 PM,0.0,0.0,0.0,0.0,0.0,0.0,0.0,0.0,0.0,0.0,0.0,0.0,0.0,0.0,0.0,0.0,0.0,0.0,false,false,false,false
77,42.386349,Nov 4, 2019, 8:45:38 PM,0.0,0.0,0.0,0.0,0.0,0.0,0.0,0.0,0.0,0.0,0.0,0.0,0.0,0.0,0.0,0.0,0.0,0.0,false,false,false,false
77,39.397377,Nov 4, 2019, 8:45:38 PM,0.0,0.0,0.0,0.0,0.0,0.0,0.0,0.0,0.0,0.0,0.0,0.0,0.0,0.0,0.0,0.0,0.0,0.0,false,false,false,false
77,41.020428,Nov 4, 2019, 8:45:38 PM,0.0,0.0,0.0,0.0,0.0,0.0,0.0,0.0,0.0,0.0,0.0,0.0,0.0,0.0,0.0,0.0,0.0,0.0,false,false,false,false
77,40.70203,Nov 4, 2019, 8:45:38 PM,0.0,0.0,0.0,0.0,0.0,0.0,0.0,0.0,0.0,0.0,0.0,0.0,0.0,0.0,0.0,0.0,0.0,0.0,false,false,false,false
77,42.150162,Nov 4, 2019, 8:45:38 PM,0.0,0.0,0.0,0.0,0.0,0.0,0.0,0.0,0.0,0.0,0.0,0.0,0.0,0.0,0.0,0.0,0.0,0.0,false,false,false,false
77,42.483589,Nov 4, 2019, 8:45:38 PM,0.0,0.0,0.0,0.0,0.0,0.0,0.0,0.0,0.0,0.0,0.0,0.0,0.0,0.0,0.0,0.0,0.0,0.0,false,false,false,false
77,39.830009,Nov 4, 2019, 8:45:38 PM,0.0,0.0,0.0,0.0,0.0,0.0,0.0,0.0,0.0,0.0,0.0,0.0,0.0,0.0,0.0,0.0,0.0,0.0,false,false,false,false
77,41.921341,Nov 4, 2019, 8:45:38 PM,0.0,0.0,0.0,0.0,0.0,0.0,0.0,0.0,0.0,0.0,0.0,0.0,0.0,0.0,0.0,0.0,0.0,0.0,false,false,false,false
77,42.855549,Nov 4, 2019, 8:45:38 PM,0.0,0.0,0.0,0.0,0.0,0.0,0.0,0.0,0.0,0.0,0.0,0.0,0.0,0.0,0.0,0.0,0.0,0.0,false,false,false,false
77,41.730133,Nov 4, 2019, 8:45:38 PM,0.0,0.0,0.0,0.0,0.0,0.0,0.0,0.0,0.0,0.0,0.0,0.0,0.0,0.0,0.0,0.0,0.0,0.0,false,false,false,false
77,41.445621,Nov 4, 2019, 8:45:38 PM,0.0,0.0,0.0,0.0,0.0,0.0,0.0,0.0,0.0,0.0,0.0,0.0,0.0,0.0,0.0,0.0,0.0,0.0,false,false,false,false
77,39.324409,Nov 4, 2019, 8:45:38 PM,0.0,0.0,0.0,0.0,0.0,0.0,0.0,0.0,0.0,0.0,0.0,0.0,0.0,0.0,0.0,0.0,0.0,0.0,false,false,false,false
77,39.427204,Nov 4, 2019, 8:45:38 PM,0.0,0.0,0.0,0.0,0.0,0.0,0.0,0.0,0.0,0.0,0.0,0.0,0.0,0.0,0.0,0.0,0.0,0.0,false,false,false,false
77,41.358204,Nov 4, 2019, 8:45:38 PM,0.0,0.0,0.0,0.0,0.0,0.0,0.0,0.0,0.0,0.0,0.0,0.0,0.0,0.0,0.0,0.0,0.0,0.0,false,false,false,false
77,43.752762,Nov 4, 2019, 8:45:39 PM,0.0,0.0,0.0,0.0,0.0,0.0,0.0,0.0,0.0,0.0,0.0,0.0,0.0,0.0,0.0,0.0,0.0,0.0,false,false,false,false
77,41.664059,Nov 4, 2019, 8:45:39 PM,0.0,0.0,0.0,0.0,0.0,0.0,0.0,0.0,0.0,0.0,0.0,0.0,0.0,0.0,0.0,0.0,0.0,0.0,false,false,false,false
77,44.619949,Nov 4, 2019, 8:45:39 PM,0.0,0.0,0.0,0.0,0.0,0.0,0.0,0.0,0.0,0.0,0.0,0.0,0.0,0.0,0.0,0.0,0.0,0.0,false,false,false,false
77,45.86293,Nov 4, 2019, 8:45:39 PM,0.0,0.0,0.0,0.0,0.0,0.0,0.0,0.0,0.0,0.0,0.0,0.0,0.0,0.0,0.0,0.0,0.0,0.0,false,false,false,false
77,43.98447,Nov 4, 2019, 8:45:39 PM,0.0,0.0,0.0,0.0,0.0,0.0,0.0,0.0,0.0,0.0,0.0,0.0,0.0,0.0,0.0,0.0,0.0,0.0,false,false,false,false
77,41.793262,Nov 4, 2019, 8:45:39 PM,0.0,0.0,0.0,0.0,0.0,0.0,0.0,0.0,0.0,0.0,0.0,0.0,0.0,0.0,0.0,0.0,0.0,0.0,false,false,false,false
77,41.609283,Nov 4, 2019, 8:45:39 PM,0.0,0.0,0.0,0.0,0.0,0.0,0.0,0.0,0.0,0.0,0.0,0.0,0.0,0.0,0.0,0.0,0.0,0.0,false,false,false,false
77,41.771442,Nov 4, 2019, 8:45:39 PM,0.0,0.0,0.0,0.0,0.0,0.0,0.0,0.0,0.0,0.0,0.0,0.0,0.0,0.0,0.0,0.0,0.0,0.0,false,false,false,false
77,42.32571,Nov 4, 2019, 8:45:39 PM,0.0,0.0,0.0,0.0,0.0,0.0,0.0,0.0,0.0,0.0,0.0,0.0,0.0,0.0,0.0,0.0,0.0,0.0,false,false,false,false
77,43.218014,Nov 4, 2019, 8:45:39 PM,0.0,0.0,0.0,0.0,0.0,0.0,0.0,0.0,0.0,0.0,0.0,0.0,0.0,0.0,0.0,0.0,0.0,0.0,false,false,false,false
77,44.343544,Nov 4, 2019, 8:45:39 PM,0.0,0.0,0.0,0.0,0.0,0.0,0.0,0.0,0.0,0.0,0.0,0.0,0.0,0.0,0.0,0.0,0.0,0.0,false,false,false,false
77,43.832729,Nov 4, 2019, 8:45:39 PM,0.0,0.0,0.0,0.0,0.0,0.0,0.0,0.0,0.0,0.0,0.0,0.0,0.0,0.0,0.0,0.0,0.0,0.0,false,false,false,false
77,45.396561,Nov 4, 2019, 8:45:39 PM,0.0,0.0,0.0,0.0,0.0,0.0,0.0,0.0,0.0,0.0,0.0,0.0,0.0,0.0,0.0,0.0,0.0,0.0,false,false,false,false
77,35.292667,Nov 4, 2019, 8:45:39 PM,0.0,0.0,0.0,0.0,0.0,0.0,0.0,0.0,0.0,0.0,0.0,0.0,0.0,0.0,0.0,0.0,0.0,0.0,false,false,false,false
77,39.065853,Nov 4, 2019, 8:45:39 PM,0.0,0.0,0.0,0.0,0.0,0.0,0.0,0.0,0.0,0.0,0.0,0.0,0.0,0.0,0.0,0.0,0.0,0.0,false,false,false,false
77,41.209076,Nov 4, 2019, 8:45:39 PM,0.0,0.0,0.0,0.0,0.0,0.0,0.0,0.0,0.0,0.0,0.0,0.0,0.0,0.0,0.0,0.0,0.0,0.0,false,false,false,false
77,41.477085,Nov 4, 2019, 8:45:39 PM,0.0,0.0,0.0,0.0,0.0,0.0,0.0,0.0,0.0,0.0,0.0,0.0,0.0,0.0,0.0,0.0,0.0,0.0,false,false,false,false
77,40.823822,Nov 4, 2019, 8:45:39 PM,0.0,0.0,0.0,0.0,0.0,0.0,0.0,0.0,0.0,0.0,0.0,0.0,0.0,0.0,0.0,0.0,0.0,0.0,false,false,false,false
77,42.973785,Nov 4, 2019, 8:45:39 PM,0.0,0.0,0.0,0.0,0.0,0.0,0.0,0.0,0.0,0.0,0.0,0.0,0.0,0.0,0.0,0.0,0.0,0.0,false,false,false,false
77,43.750084,Nov 4, 2019, 8:45:39 PM,0.0,0.0,0.0,0.0,0.0,0.0,0.0,0.0,0.0,0.0,0.0,0.0,0.0,0.0,0.0,0.0,0.0,0.0,false,false,false,false
77,35.662449,Nov 4, 2019, 8:45:39 PM,0.0,0.0,0.0,0.0,0.0,0.0,0.0,0.0,0.0,0.0,0.0,0.0,0.0,0.0,0.0,0.0,0.0,0.0,false,false,false,false
77,42.949612,Nov 4, 2019, 8:45:39 PM,0.0,0.0,0.0,0.0,0.0,0.0,0.0,0.0,0.0,0.0,0.0,0.0,0.0,0.0,0.0,0.0,0.0,0.0,false,false,false,false
77,40.284569,Nov 4, 2019, 8:45:39 PM,0.0,0.0,0.0,0.0,0.0,0.0,0.0,0.0,0.0,0.0,0.0,0.0,0.0,0.0,0.0,0.0,0.0,0.0,false,false,false,false
77,40.198261,Nov 4, 2019, 8:45:39 PM,0.0,0.0,0.0,0.0,0.0,0.0,0.0,0.0,0.0,0.0,0.0,0.0,0.0,0.0,0.0,0.0,0.0,0.0,false,false,false,false
77,42.417091,Nov 4, 2019, 8:45:39 PM,0.0,0.0,0.0,0.0,0.0,0.0,0.0,0.0,0.0,0.0,0.0,0.0,0.0,0.0,0.0,0.0,0.0,0.0,false,false,false,false
77,45.023144,Nov 4, 2019, 8:45:39 PM,0.0,0.0,0.0,0.0,0.0,0.0,0.0,0.0,0.0,0.0,0.0,0.0,0.0,0.0,0.0,0.0,0.0,0.0,false,false,false,false
77,43.072445,Nov 4, 2019, 8:45:39 PM,0.0,0.0,0.0,0.0,0.0,0.0,0.0,0.0,0.0,0.0,0.0,0.0,0.0,0.0,0.0,0.0,0.0,0.0,false,false,false,false
77,43.131149,Nov 4, 2019, 8:45:39 PM,0.0,0.0,0.0,0.0,0.0,0.0,0.0,0.0,0.0,0.0,0.0,0.0,0.0,0.0,0.0,0.0,0.0,0.0,false,false,false,false
77,45.244366,Nov 4, 2019, 8:45:39 PM,0.0,0.0,0.0,0.0,0.0,0.0,0.0,0.0,0.0,0.0,0.0,0.0,0.0,0.0,0.0,0.0,0.0,0.0,false,false,false,false
77,41.306267,Nov 4, 2019, 8:45:39 PM,0.0,0.0,0.0,0.0,0.0,0.0,0.0,0.0,0.0,0.0,0.0,0.0,0.0,0.0,0.0,0.0,0.0,0.0,false,false,false,false
77,42.310135,Nov 4, 2019, 8:45:39 PM,0.0,0.0,0.0,0.0,0.0,0.0,0.0,0.0,0.0,0.0,0.0,0.0,0.0,0.0,0.0,0.0,0.0,0.0,false,false,false,false
77,40.656689,Nov 4, 2019, 8:45:39 PM,0.0,0.0,0.0,0.0,0.0,0.0,0.0,0.0,0.0,0.0,0.0,0.0,0.0,0.0,0.0,0.0,0.0,0.0,false,false,false,false
77,41.329998,Nov 4, 2019, 8:45:39 PM,0.0,0.0,0.0,0.0,0.0,0.0,0.0,0.0,0.0,0.0,0.0,0.0,0.0,0.0,0.0,0.0,0.0,0.0,false,false,false,false
77,44.585735,Nov 4, 2019, 8:45:39 PM,0.0,0.0,0.0,0.0,0.0,0.0,0.0,0.0,0.0,0.0,0.0,0.0,0.0,0.0,0.0,0.0,0.0,0.0,false,false,false,false
77,36.765923,Nov 4, 2019, 8:45:39 PM,0.0,0.0,0.0,0.0,0.0,0.0,0.0,0.0,0.0,0.0,0.0,0.0,0.0,0.0,0.0,0.0,0.0,0.0,false,false,false,false
77,40.857849,Nov 4, 2019, 8:45:39 PM,0.0,0.0,0.0,0.0,0.0,0.0,0.0,0.0,0.0,0.0,0.0,0.0,0.0,0.0,0.0,0.0,0.0,0.0,false,false,false,false
77,40.01841,Nov 4, 2019, 8:45:39 PM,0.0,0.0,0.0,0.0,0.0,0.0,0.0,0.0,0.0,0.0,0.0,0.0,0.0,0.0,0.0,0.0,0.0,0.0,false,false,false,false
77,43.408245,Nov 4, 2019, 8:45:39 PM,0.0,0.0,0.0,0.0,0.0,0.0,0.0,0.0,0.0,0.0,0.0,0.0,0.0,0.0,0.0,0.0,0.0,0.0,false,false,false,false
77,40.752117,Nov 4, 2019, 8:45:39 PM,0.0,0.0,0.0,0.0,0.0,0.0,0.0,0.0,0.0,0.0,0.0,0.0,0.0,0.0,0.0,0.0,0.0,0.0,false,false,false,false
77,40.654373,Nov 4, 2019, 8:45:39 PM,0.0,0.0,0.0,0.0,0.0,0.0,0.0,0.0,0.0,0.0,0.0,0.0,0.0,0.0,0.0,0.0,0.0,0.0,false,false,false,false
77,39.980171,Nov 4, 2019, 8:45:39 PM,0.0,0.0,0.0,0.0,0.0,0.0,0.0,0.0,0.0,0.0,0.0,0.0,0.0,0.0,0.0,0.0,0.0,0.0,false,false,false,false
77,42.871536,Nov 4, 2019, 8:45:39 PM,0.0,0.0,0.0,0.0,0.0,0.0,0.0,0.0,0.0,0.0,0.0,0.0,0.0,0.0,0.0,0.0,0.0,0.0,false,false,false,false
77,41.828579,Nov 4, 2019, 8:45:40 PM,0.0,0.0,0.0,0.0,0.0,0.0,0.0,0.0,0.0,0.0,0.0,0.0,0.0,0.0,0.0,0.0,0.0,0.0,false,false,false,false
77,42.957909,Nov 4, 2019, 8:45:40 PM,0.0,0.0,0.0,0.0,0.0,0.0,0.0,0.0,0.0,0.0,0.0,0.0,0.0,0.0,0.0,0.0,0.0,0.0,false,false,false,false
77,43.198227,Nov 4, 2019, 8:45:40 PM,0.0,0.0,0.0,0.0,0.0,0.0,0.0,0.0,0.0,0.0,0.0,0.0,0.0,0.0,0.0,0.0,0.0,0.0,false,false,false,false
77,40.393921,Nov 4, 2019, 8:45:40 PM,0.0,0.0,0.0,0.0,0.0,0.0,0.0,0.0,0.0,0.0,0.0,0.0,0.0,0.0,0.0,0.0,0.0,0.0,false,false,false,false
77,42.818485,Nov 4, 2019, 8:45:40 PM,0.0,0.0,0.0,0.0,0.0,0.0,0.0,0.0,0.0,0.0,0.0,0.0,0.0,0.0,0.0,0.0,0.0,0.0,false,false,false,false
77,38.887959,Nov 4, 2019, 8:45:40 PM,0.0,0.0,0.0,0.0,0.0,0.0,0.0,0.0,0.0,0.0,0.0,0.0,0.0,0.0,0.0,0.0,0.0,0.0,false,false,false,false
77,43.871578,Nov 4, 2019, 8:45:40 PM,0.0,0.0,0.0,0.0,0.0,0.0,0.0,0.0,0.0,0.0,0.0,0.0,0.0,0.0,0.0,0.0,0.0,0.0,false,false,false,false
77,39.73568,Nov 4, 2019, 8:45:40 PM,0.0,0.0,0.0,0.0,0.0,0.0,0.0,0.0,0.0,0.0,0.0,0.0,0.0,0.0,0.0,0.0,0.0,0.0,false,false,false,false
77,43.23988,Nov 4, 2019, 8:45:40 PM,0.0,0.0,0.0,0.0,0.0,0.0,0.0,0.0,0.0,0.0,0.0,0.0,0.0,0.0,0.0,0.0,0.0,0.0,false,false,false,false
77,42.198719,Nov 4, 2019, 8:45:40 PM,0.0,0.0,0.0,0.0,0.0,0.0,0.0,0.0,0.0,0.0,0.0,0.0,0.0,0.0,0.0,0.0,0.0,0.0,false,false,false,false
77,42.99411,Nov 4, 2019, 8:45:40 PM,0.0,0.0,0.0,0.0,0.0,0.0,0.0,0.0,0.0,0.0,0.0,0.0,0.0,0.0,0.0,0.0,0.0,0.0,false,false,false,false
77,43.720818,Nov 4, 2019, 8:45:40 PM,0.0,0.0,0.0,0.0,0.0,0.0,0.0,0.0,0.0,0.0,0.0,0.0,0.0,0.0,0.0,0.0,0.0,0.0,false,false,false,false
77,42.008335,Nov 4, 2019, 8:45:40 PM,0.0,0.0,0.0,0.0,0.0,0.0,0.0,0.0,0.0,0.0,0.0,0.0,0.0,0.0,0.0,0.0,0.0,0.0,false,false,false,false
77,42.835171,Nov 4, 2019, 8:45:40 PM,0.0,0.0,0.0,0.0,0.0,0.0,0.0,0.0,0.0,0.0,0.0,0.0,0.0,0.0,0.0,0.0,0.0,0.0,false,false,false,false
77,42.859962,Nov 4, 2019, 8:45:40 PM,0.0,0.0,0.0,0.0,0.0,0.0,0.0,0.0,0.0,0.0,0.0,0.0,0.0,0.0,0.0,0.0,0.0,0.0,false,false,false,false
77,42.724632,Nov 4, 2019, 8:45:40 PM,0.0,0.0,0.0,0.0,0.0,0.0,0.0,0.0,0.0,0.0,0.0,0.0,0.0,0.0,0.0,0.0,0.0,0.0,false,false,false,false
77,42.306732,Nov 4, 2019, 8:45:40 PM,0.0,0.0,0.0,0.0,0.0,0.0,0.0,0.0,0.0,0.0,0.0,0.0,0.0,0.0,0.0,0.0,0.0,0.0,false,false,false,false
77,42.007099,Nov 4, 2019, 8:45:40 PM,0.0,0.0,0.0,0.0,0.0,0.0,0.0,0.0,0.0,0.0,0.0,0.0,0.0,0.0,0.0,0.0,0.0,0.0,false,false,false,false
77,42.542328,Nov 4, 2019, 8:45:40 PM,0.0,0.0,0.0,0.0,0.0,0.0,0.0,0.0,0.0,0.0,0.0,0.0,0.0,0.0,0.0,0.0,0.0,0.0,false,false,false,false
77,43.523113,Nov 4, 2019, 8:45:40 PM,0.0,0.0,0.0,0.0,0.0,0.0,0.0,0.0,0.0,0.0,0.0,0.0,0.0,0.0,0.0,0.0,0.0,0.0,false,false,false,false
77,41.265865,Nov 4, 2019, 8:45:40 PM,0.0,0.0,0.0,0.0,0.0,0.0,0.0,0.0,0.0,0.0,0.0,0.0,0.0,0.0,0.0,0.0,0.0,0.0,false,false,false,false
77,44.612186,Nov 4, 2019, 8:45:40 PM,0.0,0.0,0.0,0.0,0.0,0.0,0.0,0.0,0.0,0.0,0.0,0.0,0.0,0.0,0.0,0.0,0.0,0.0,false,false,false,false
77,2.96872,Nov 4, 2019, 8:45:40 PM,0.0,0.0,0.0,0.0,0.0,0.0,0.0,0.0,0.0,0.0,0.0,0.0,0.0,0.0,0.0,0.0,0.0,0.0,false,false,false,false
77,2.999979,Nov 4, 2019, 8:45:41 PM,0.0,0.0,0.0,0.0,0.0,0.0,0.0,0.0,0.0,0.0,0.0,0.0,0.0,0.0,0.0,0.0,0.0,0.0,false,false,false,false
77,2.999994,Nov 4, 2019, 8:45:41 PM,0.0,0.0,0.0,0.0,0.0,0.0,0.0,0.0,0.0,0.0,0.0,0.0,0.0,0.0,0.0,0.0,0.0,0.0,false,false,false,false
77,47.281322,Nov 4, 2019, 8:45:41 PM,0.0,0.0,0.0,0.0,0.0,0.0,0.0,0.0,0.0,0.0,0.0,0.0,0.0,0.0,0.0,0.0,0.0,0.0,false,false,false,false
77,42.968613,Nov 4, 2019, 8:45:41 PM,0.0,0.0,0.0,0.0,0.0,0.0,0.0,0.0,0.0,0.0,0.0,0.0,0.0,0.0,0.0,0.0,0.0,0.0,false,false,false,false
77,40.492718,Nov 4, 2019, 8:45:41 PM,0.0,0.0,0.0,0.0,0.0,0.0,0.0,0.0,0.0,0.0,0.0,0.0,0.0,0.0,0.0,0.0,0.0,0.0,false,false,false,false
77,43.295853,Nov 4, 2019, 8:45:41 PM,0.0,0.0,0.0,0.0,0.0,0.0,0.0,0.0,0.0,0.0,0.0,0.0,0.0,0.0,0.0,0.0,0.0,0.0,false,false,false,false
77,38.190388,Nov 4, 2019, 8:45:41 PM,0.0,0.0,0.0,0.0,0.0,0.0,0.0,0.0,0.0,0.0,0.0,0.0,0.0,0.0,0.0,0.0,0.0,0.0,false,false,false,false
77,42.839031,Nov 4, 2019, 8:45:41 PM,0.0,0.0,0.0,0.0,0.0,0.0,0.0,0.0,0.0,0.0,0.0,0.0,0.0,0.0,0.0,0.0,0.0,0.0,false,false,false,false
77,42.596874,Nov 4, 2019, 8:45:41 PM,0.0,0.0,0.0,0.0,0.0,0.0,0.0,0.0,0.0,0.0,0.0,0.0,0.0,0.0,0.0,0.0,0.0,0.0,false,false,false,false
77,40.67173,Nov 4, 2019, 8:45:41 PM,0.0,0.0,0.0,0.0,0.0,0.0,0.0,0.0,0.0,0.0,0.0,0.0,0.0,0.0,0.0,0.0,0.0,0.0,false,false,false,false
77,43.796257,Nov 4, 2019, 8:45:41 PM,0.0,0.0,0.0,0.0,0.0,0.0,0.0,0.0,0.0,0.0,0.0,0.0,0.0,0.0,0.0,0.0,0.0,0.0,false,false,false,false
77,41.258724,Nov 4, 2019, 8:45:41 PM,0.0,0.0,0.0,0.0,0.0,0.0,0.0,0.0,0.0,0.0,0.0,0.0,0.0,0.0,0.0,0.0,0.0,0.0,false,false,false,false
77,42.803818,Nov 4, 2019, 8:45:41 PM,0.0,0.0,0.0,0.0,0.0,0.0,0.0,0.0,0.0,0.0,0.0,0.0,0.0,0.0,0.0,0.0,0.0,0.0,false,false,false,false
77,35.390587,Nov 4, 2019, 8:45:41 PM,0.0,0.0,0.0,0.0,0.0,0.0,0.0,0.0,0.0,0.0,0.0,0.0,0.0,0.0,0.0,0.0,0.0,0.0,false,false,false,false
77,43.730377,Nov 4, 2019, 8:45:41 PM,0.0,0.0,0.0,0.0,0.0,0.0,0.0,0.0,0.0,0.0,0.0,0.0,0.0,0.0,0.0,0.0,0.0,0.0,false,false,false,false
77,39.822872,Nov 4, 2019, 8:45:41 PM,0.0,0.0,0.0,0.0,0.0,0.0,0.0,0.0,0.0,0.0,0.0,0.0,0.0,0.0,0.0,0.0,0.0,0.0,false,false,false,false
77,40.304214,Nov 4, 2019, 8:45:41 PM,0.0,0.0,0.0,0.0,0.0,0.0,0.0,0.0,0.0,0.0,0.0,0.0,0.0,0.0,0.0,0.0,0.0,0.0,false,false,false,false
77,42.819767,Nov 4, 2019, 8:45:41 PM,0.0,0.0,0.0,0.0,0.0,0.0,0.0,0.0,0.0,0.0,0.0,0.0,0.0,0.0,0.0,0.0,0.0,0.0,false,false,false,false
77,41.742676,Nov 4, 2019, 8:45:41 PM,0.0,0.0,0.0,0.0,0.0,0.0,0.0,0.0,0.0,0.0,0.0,0.0,0.0,0.0,0.0,0.0,0.0,0.0,false,false,false,false
77,38.316818,Nov 4, 2019, 8:45:41 PM,0.0,0.0,0.0,0.0,0.0,0.0,0.0,0.0,0.0,0.0,0.0,0.0,0.0,0.0,0.0,0.0,0.0,0.0,false,false,false,false
77,39.149052,Nov 4, 2019, 8:45:41 PM,0.0,0.0,0.0,0.0,0.0,0.0,0.0,0.0,0.0,0.0,0.0,0.0,0.0,0.0,0.0,0.0,0.0,0.0,false,false,false,false
77,40.777882,Nov 4, 2019, 8:45:41 PM,0.0,0.0,0.0,0.0,0.0,0.0,0.0,0.0,0.0,0.0,0.0,0.0,0.0,0.0,0.0,0.0,0.0,0.0,false,false,false,false
77,42.554096,Nov 4, 2019, 8:45:42 PM,0.0,0.0,0.0,0.0,0.0,0.0,0.0,0.0,0.0,0.0,0.0,0.0,0.0,0.0,0.0,0.0,0.0,0.0,false,false,false,false
77,41.570877,Nov 4, 2019, 8:45:42 PM,0.0,0.0,0.0,0.0,0.0,0.0,0.0,0.0,0.0,0.0,0.0,0.0,0.0,0.0,0.0,0.0,0.0,0.0,false,false,false,false
77,41.172768,Nov 4, 2019, 8:45:42 PM,0.0,0.0,0.0,0.0,0.0,0.0,0.0,0.0,0.0,0.0,0.0,0.0,0.0,0.0,0.0,0.0,0.0,0.0,false,false,false,false
77,42.388512,Nov 4, 2019, 8:45:42 PM,0.0,0.0,0.0,0.0,0.0,0.0,0.0,0.0,0.0,0.0,0.0,0.0,0.0,0.0,0.0,0.0,0.0,0.0,false,false,false,false
77,41.121628,Nov 4, 2019, 8:45:42 PM,0.0,0.0,0.0,0.0,0.0,0.0,0.0,0.0,0.0,0.0,0.0,0.0,0.0,0.0,0.0,0.0,0.0,0.0,false,false,false,false
77,42.135601,Nov 4, 2019, 8:45:42 PM,0.0,0.0,0.0,0.0,0.0,0.0,0.0,0.0,0.0,0.0,0.0,0.0,0.0,0.0,0.0,0.0,0.0,0.0,false,false,false,false
77,40.772896,Nov 4, 2019, 8:45:42 PM,0.0,0.0,0.0,0.0,0.0,0.0,0.0,0.0,0.0,0.0,0.0,0.0,0.0,0.0,0.0,0.0,0.0,0.0,false,false,false,false
77,42.039593,Nov 4, 2019, 8:45:42 PM,0.0,0.0,0.0,0.0,0.0,0.0,0.0,0.0,0.0,0.0,0.0,0.0,0.0,0.0,0.0,0.0,0.0,0.0,false,false,false,false
77,39.963551,Nov 4, 2019, 8:45:42 PM,0.0,0.0,0.0,0.0,0.0,0.0,0.0,0.0,0.0,0.0,0.0,0.0,0.0,0.0,0.0,0.0,0.0,0.0,false,false,false,false
77,41.520653,Nov 4, 2019, 8:45:42 PM,0.0,0.0,0.0,0.0,0.0,0.0,0.0,0.0,0.0,0.0,0.0,0.0,0.0,0.0,0.0,0.0,0.0,0.0,false,false,false,false
77,34.718002,Nov 4, 2019, 8:45:42 PM,0.0,0.0,0.0,0.0,0.0,0.0,0.0,0.0,0.0,0.0,0.0,0.0,0.0,0.0,0.0,0.0,0.0,0.0,false,false,false,false
77,40.044529,Nov 4, 2019, 8:45:42 PM,0.0,0.0,0.0,0.0,0.0,0.0,0.0,0.0,0.0,0.0,0.0,0.0,0.0,0.0,0.0,0.0,0.0,0.0,false,false,false,false
77,43.659927,Nov 4, 2019, 8:45:42 PM,0.0,0.0,0.0,0.0,0.0,0.0,0.0,0.0,0.0,0.0,0.0,0.0,0.0,0.0,0.0,0.0,0.0,0.0,false,false,false,false
77,44.299728,Nov 4, 2019, 8:45:42 PM,0.0,0.0,0.0,0.0,0.0,0.0,0.0,0.0,0.0,0.0,0.0,0.0,0.0,0.0,0.0,0.0,0.0,0.0,false,false,false,false
77,43.493015,Nov 4, 2019, 8:45:42 PM,0.0,0.0,0.0,0.0,0.0,0.0,0.0,0.0,0.0,0.0,0.0,0.0,0.0,0.0,0.0,0.0,0.0,0.0,false,false,false,false
77,42.377548,Nov 4, 2019, 8:45:42 PM,0.0,0.0,0.0,0.0,0.0,0.0,0.0,0.0,0.0,0.0,0.0,0.0,0.0,0.0,0.0,0.0,0.0,0.0,false,false,false,false
77,43.24231,Nov 4, 2019, 8:45:42 PM,0.0,0.0,0.0,0.0,0.0,0.0,0.0,0.0,0.0,0.0,0.0,0.0,0.0,0.0,0.0,0.0,0.0,0.0,false,false,false,false
77,42.389942,Nov 4, 2019, 8:45:42 PM,0.0,0.0,0.0,0.0,0.0,0.0,0.0,0.0,0.0,0.0,0.0,0.0,0.0,0.0,0.0,0.0,0.0,0.0,false,false,false,false
77,38.62048,Nov 4, 2019, 8:45:42 PM,0.0,0.0,0.0,0.0,0.0,0.0,0.0,0.0,0.0,0.0,0.0,0.0,0.0,0.0,0.0,0.0,0.0,0.0,false,false,false,false
77,31.935413,Nov 4, 2019, 8:45:42 PM,0.0,0.0,0.0,0.0,0.0,0.0,0.0,0.0,0.0,0.0,0.0,0.0,0.0,0.0,0.0,0.0,0.0,0.0,false,false,false,false
77,37.863728,Nov 4, 2019, 8:45:42 PM,0.0,0.0,0.0,0.0,0.0,0.0,0.0,0.0,0.0,0.0,0.0,0.0,0.0,0.0,0.0,0.0,0.0,0.0,false,false,false,false
77,42.038006,Nov 4, 2019, 8:45:42 PM,0.0,0.0,0.0,0.0,0.0,0.0,0.0,0.0,0.0,0.0,0.0,0.0,0.0,0.0,0.0,0.0,0.0,0.0,false,false,false,false
77,42.051613,Nov 4, 2019, 8:45:42 PM,0.0,0.0,0.0,0.0,0.0,0.0,0.0,0.0,0.0,0.0,0.0,0.0,0.0,0.0,0.0,0.0,0.0,0.0,false,false,false,false
77,43.541107,Nov 4, 2019, 8:45:42 PM,0.0,0.0,0.0,0.0,0.0,0.0,0.0,0.0,0.0,0.0,0.0,0.0,0.0,0.0,0.0,0.0,0.0,0.0,false,false,false,false
77,44.099686,Nov 4, 2019, 8:45:42 PM,0.0,0.0,0.0,0.0,0.0,0.0,0.0,0.0,0.0,0.0,0.0,0.0,0.0,0.0,0.0,0.0,0.0,0.0,false,false,false,false
77,39.765858,Nov 4, 2019, 8:45:42 PM,0.0,0.0,0.0,0.0,0.0,0.0,0.0,0.0,0.0,0.0,0.0,0.0,0.0,0.0,0.0,0.0,0.0,0.0,false,false,false,false
77,41.652954,Nov 4, 2019, 8:45:42 PM,0.0,0.0,0.0,0.0,0.0,0.0,0.0,0.0,0.0,0.0,0.0,0.0,0.0,0.0,0.0,0.0,0.0,0.0,false,false,false,false
77,40.982937,Nov 4, 2019, 8:45:42 PM,0.0,0.0,0.0,0.0,0.0,0.0,0.0,0.0,0.0,0.0,0.0,0.0,0.0,0.0,0.0,0.0,0.0,0.0,false,false,false,false
77,42.094093,Nov 4, 2019, 8:45:42 PM,0.0,0.0,0.0,0.0,0.0,0.0,0.0,0.0,0.0,0.0,0.0,0.0,0.0,0.0,0.0,0.0,0.0,0.0,false,false,false,false
77,36.639835,Nov 4, 2019, 8:45:42 PM,0.0,0.0,0.0,0.0,0.0,0.0,0.0,0.0,0.0,0.0,0.0,0.0,0.0,0.0,0.0,0.0,0.0,0.0,false,false,false,false
77,41.234901,Nov 4, 2019, 8:45:42 PM,0.0,0.0,0.0,0.0,0.0,0.0,0.0,0.0,0.0,0.0,0.0,0.0,0.0,0.0,0.0,0.0,0.0,0.0,false,false,false,false
77,39.116135,Nov 4, 2019, 8:45:42 PM,0.0,0.0,0.0,0.0,0.0,0.0,0.0,0.0,0.0,0.0,0.0,0.0,0.0,0.0,0.0,0.0,0.0,0.0,false,false,false,false
77,39.861599,Nov 4, 2019, 8:45:42 PM,0.0,0.0,0.0,0.0,0.0,0.0,0.0,0.0,0.0,0.0,0.0,0.0,0.0,0.0,0.0,0.0,0.0,0.0,false,false,false,false
77,39.371319,Nov 4, 2019, 8:45:42 PM,0.0,0.0,0.0,0.0,0.0,0.0,0.0,0.0,0.0,0.0,0.0,0.0,0.0,0.0,0.0,0.0,0.0,0.0,false,false,false,false
77,39.055939,Nov 4, 2019, 8:45:42 PM,0.0,0.0,0.0,0.0,0.0,0.0,0.0,0.0,0.0,0.0,0.0,0.0,0.0,0.0,0.0,0.0,0.0,0.0,false,false,false,false
77,40.12616,Nov 4, 2019, 8:45:42 PM,0.0,0.0,0.0,0.0,0.0,0.0,0.0,0.0,0.0,0.0,0.0,0.0,0.0,0.0,0.0,0.0,0.0,0.0,false,false,false,false
77,37.632187,Nov 4, 2019, 8:45:42 PM,0.0,0.0,0.0,0.0,0.0,0.0,0.0,0.0,0.0,0.0,0.0,0.0,0.0,0.0,0.0,0.0,0.0,0.0,false,false,false,false
77,33.191822,Nov 4, 2019, 8:45:42 PM,0.0,0.0,0.0,0.0,0.0,0.0,0.0,0.0,0.0,0.0,0.0,0.0,0.0,0.0,0.0,0.0,0.0,0.0,false,false,false,false
77,34.241531,Nov 4, 2019, 8:45:42 PM,0.0,0.0,0.0,0.0,0.0,0.0,0.0,0.0,0.0,0.0,0.0,0.0,0.0,0.0,0.0,0.0,0.0,0.0,false,false,false,false
77,40.390827,Nov 4, 2019, 8:45:42 PM,0.0,0.0,0.0,0.0,0.0,0.0,0.0,0.0,0.0,0.0,0.0,0.0,0.0,0.0,0.0,0.0,0.0,0.0,false,false,false,false
77,37.873619,Nov 4, 2019, 8:45:43 PM,0.0,0.0,0.0,0.0,0.0,0.0,0.0,0.0,0.0,0.0,0.0,0.0,0.0,0.0,0.0,0.0,0.0,0.0,false,false,false,false
77,43.644112,Nov 4, 2019, 8:45:43 PM,0.0,0.0,0.0,0.0,0.0,0.0,0.0,0.0,0.0,0.0,0.0,0.0,0.0,0.0,0.0,0.0,0.0,0.0,false,false,false,false
77,42.304585,Nov 4, 2019, 8:45:43 PM,0.0,0.0,0.0,0.0,0.0,0.0,0.0,0.0,0.0,0.0,0.0,0.0,0.0,0.0,0.0,0.0,0.0,0.0,false,false,false,false
77,41.307125,Nov 4, 2019, 8:45:43 PM,0.0,0.0,0.0,0.0,0.0,0.0,0.0,0.0,0.0,0.0,0.0,0.0,0.0,0.0,0.0,0.0,0.0,0.0,false,false,false,false
77,41.516342,Nov 4, 2019, 8:45:43 PM,0.0,0.0,0.0,0.0,0.0,0.0,0.0,0.0,0.0,0.0,0.0,0.0,0.0,0.0,0.0,0.0,0.0,0.0,false,false,false,false
77,44.408913,Nov 4, 2019, 8:45:43 PM,0.0,0.0,0.0,0.0,0.0,0.0,0.0,0.0,0.0,0.0,0.0,0.0,0.0,0.0,0.0,0.0,0.0,0.0,false,false,false,false
77,46.20047,Nov 4, 2019, 8:45:43 PM,0.0,0.0,0.0,0.0,0.0,0.0,0.0,0.0,0.0,0.0,0.0,0.0,0.0,0.0,0.0,0.0,0.0,0.0,false,false,false,false
77,40.556435,Nov 4, 2019, 8:45:43 PM,0.0,0.0,0.0,0.0,0.0,0.0,0.0,0.0,0.0,0.0,0.0,0.0,0.0,0.0,0.0,0.0,0.0,0.0,false,false,false,false
77,41.328465,Nov 4, 2019, 8:45:43 PM,0.0,0.0,0.0,0.0,0.0,0.0,0.0,0.0,0.0,0.0,0.0,0.0,0.0,0.0,0.0,0.0,0.0,0.0,false,false,false,false
77,36.452045,Nov 4, 2019, 8:45:43 PM,0.0,0.0,0.0,0.0,0.0,0.0,0.0,0.0,0.0,0.0,0.0,0.0,0.0,0.0,0.0,0.0,0.0,0.0,false,false,false,false
77,42.056389,Nov 4, 2019, 8:45:43 PM,0.0,0.0,0.0,0.0,0.0,0.0,0.0,0.0,0.0,0.0,0.0,0.0,0.0,0.0,0.0,0.0,0.0,0.0,false,false,false,false
77,37.113186,Nov 4, 2019, 8:45:43 PM,0.0,0.0,0.0,0.0,0.0,0.0,0.0,0.0,0.0,0.0,0.0,0.0,0.0,0.0,0.0,0.0,0.0,0.0,false,false,false,false
77,39.927013,Nov 4, 2019, 8:45:43 PM,0.0,0.0,0.0,0.0,0.0,0.0,0.0,0.0,0.0,0.0,0.0,0.0,0.0,0.0,0.0,0.0,0.0,0.0,false,false,false,false
77,37.186749,Nov 4, 2019, 8:45:43 PM,0.0,0.0,0.0,0.0,0.0,0.0,0.0,0.0,0.0,0.0,0.0,0.0,0.0,0.0,0.0,0.0,0.0,0.0,false,false,false,false
77,40.16774,Nov 4, 2019, 8:45:43 PM,0.0,0.0,0.0,0.0,0.0,0.0,0.0,0.0,0.0,0.0,0.0,0.0,0.0,0.0,0.0,0.0,0.0,0.0,false,false,false,false
77,42.804371,Nov 4, 2019, 8:45:43 PM,0.0,0.0,0.0,0.0,0.0,0.0,0.0,0.0,0.0,0.0,0.0,0.0,0.0,0.0,0.0,0.0,0.0,0.0,false,false,false,false
77,43.932293,Nov 4, 2019, 8:45:43 PM,0.0,0.0,0.0,0.0,0.0,0.0,0.0,0.0,0.0,0.0,0.0,0.0,0.0,0.0,0.0,0.0,0.0,0.0,false,false,false,false
77,40.556767,Nov 4, 2019, 8:45:43 PM,0.0,0.0,0.0,0.0,0.0,0.0,0.0,0.0,0.0,0.0,0.0,0.0,0.0,0.0,0.0,0.0,0.0,0.0,false,false,false,false
77,41.771965,Nov 4, 2019, 8:45:43 PM,0.0,0.0,0.0,0.0,0.0,0.0,0.0,0.0,0.0,0.0,0.0,0.0,0.0,0.0,0.0,0.0,0.0,0.0,false,false,false,false
77,39.514915,Nov 4, 2019, 8:45:43 PM,0.0,0.0,0.0,0.0,0.0,0.0,0.0,0.0,0.0,0.0,0.0,0.0,0.0,0.0,0.0,0.0,0.0,0.0,false,false,false,false
77,41.127892,Nov 4, 2019, 8:45:43 PM,0.0,0.0,0.0,0.0,0.0,0.0,0.0,0.0,0.0,0.0,0.0,0.0,0.0,0.0,0.0,0.0,0.0,0.0,false,false,false,false
77,37.749664,Nov 4, 2019, 8:45:43 PM,0.0,0.0,0.0,0.0,0.0,0.0,0.0,0.0,0.0,0.0,0.0,0.0,0.0,0.0,0.0,0.0,0.0,0.0,false,false,false,false
77,42.466091,Nov 4, 2019, 8:45:43 PM,0.0,0.0,0.0,0.0,0.0,0.0,0.0,0.0,0.0,0.0,0.0,0.0,0.0,0.0,0.0,0.0,0.0,0.0,false,false,false,false
77,38.440838,Nov 4, 2019, 8:45:43 PM,0.0,0.0,0.0,0.0,0.0,0.0,0.0,0.0,0.0,0.0,0.0,0.0,0.0,0.0,0.0,0.0,0.0,0.0,false,false,false,false
77,39.512573,Nov 4, 2019, 8:45:43 PM,0.0,0.0,0.0,0.0,0.0,0.0,0.0,0.0,0.0,0.0,0.0,0.0,0.0,0.0,0.0,0.0,0.0,0.0,false,false,false,false
77,39.658775,Nov 4, 2019, 8:45:43 PM,0.0,0.0,0.0,0.0,0.0,0.0,0.0,0.0,0.0,0.0,0.0,0.0,0.0,0.0,0.0,0.0,0.0,0.0,false,false,false,false
77,43.001881,Nov 4, 2019, 8:45:43 PM,0.0,0.0,0.0,0.0,0.0,0.0,0.0,0.0,0.0,0.0,0.0,0.0,0.0,0.0,0.0,0.0,0.0,0.0,false,false,false,false
77,42.201393,Nov 4, 2019, 8:45:43 PM,0.0,0.0,0.0,0.0,0.0,0.0,0.0,0.0,0.0,0.0,0.0,0.0,0.0,0.0,0.0,0.0,0.0,0.0,false,false,false,false
