ID,FPS,TimeStamp,PlayerHead_X,PlayerHead_Y,PlayerHead_Z,PlayerHeadRot_X,PlayerHeadRot_Y,PlayerHeadRot_Z,PlayerHandRightPos_X,PlayerHandRightPos_Y,PlayerHandRightPos_Z,PlayerHandRightRot_X,PlayerHandRightRot_Y,PlayerHandRightRot_Z,PlayerHandLeftPos_X,PlayerHandLeftPos_Y,PlayerHandLeftPos_Z,PlayerHandLeftRot_X,PlayerHandLeftRot_Y,PlayerHandLeftRot_Z,HasPickedUpDrawTool,HasPaintedWall,HasPressedVRButton,HasCompletedTutorial
2,113.349083,Nov 5, 2019, 9:12:13 PM,0.0,0.0,0.0,0.0,0.0,0.0,0.0,0.0,0.0,0.0,0.0,0.0,0.0,0.0,0.0,0.0,0.0,0.0,false,false,false,false
2,2.836532,Nov 5, 2019, 9:12:13 PM,0.0,0.0,0.0,0.0,0.0,0.0,0.0,0.0,0.0,0.0,0.0,0.0,0.0,0.0,0.0,0.0,0.0,0.0,false,false,false,false
2,2.748527,Nov 5, 2019, 9:12:13 PM,0.0,0.0,0.0,0.0,0.0,0.0,0.0,0.0,0.0,0.0,0.0,0.0,0.0,0.0,0.0,0.0,0.0,0.0,false,false,false,false
2,27.744406,Nov 5, 2019, 9:12:13 PM,0.0,0.0,0.0,0.0,0.0,0.0,0.0,0.0,0.0,0.0,0.0,0.0,0.0,0.0,0.0,0.0,0.0,0.0,false,false,false,false
2,87.662384,Nov 5, 2019, 9:12:13 PM,0.0,0.0,0.0,0.0,0.0,0.0,0.0,0.0,0.0,0.0,0.0,0.0,0.0,0.0,0.0,0.0,0.0,0.0,false,false,false,false
2,81.110893,Nov 5, 2019, 9:12:13 PM,0.0,0.0,0.0,0.0,0.0,0.0,0.0,0.0,0.0,0.0,0.0,0.0,0.0,0.0,0.0,0.0,0.0,0.0,false,false,false,false
2,74.840775,Nov 5, 2019, 9:12:13 PM,0.0,0.0,0.0,0.0,0.0,0.0,0.0,0.0,0.0,0.0,0.0,0.0,0.0,0.0,0.0,0.0,0.0,0.0,false,false,false,false
2,79.790009,Nov 5, 2019, 9:12:13 PM,0.0,0.0,0.0,0.0,0.0,0.0,0.0,0.0,0.0,0.0,0.0,0.0,0.0,0.0,0.0,0.0,0.0,0.0,false,false,false,false
2,81.005112,Nov 5, 2019, 9:12:13 PM,0.0,0.0,0.0,0.0,0.0,0.0,0.0,0.0,0.0,0.0,0.0,0.0,0.0,0.0,0.0,0.0,0.0,0.0,false,false,false,false
2,86.666367,Nov 5, 2019, 9:12:13 PM,0.0,0.0,0.0,0.0,0.0,0.0,0.0,0.0,0.0,0.0,0.0,0.0,0.0,0.0,0.0,0.0,0.0,0.0,false,false,false,false
2,82.097084,Nov 5, 2019, 9:12:13 PM,0.0,0.0,0.0,0.0,0.0,0.0,0.0,0.0,0.0,0.0,0.0,0.0,0.0,0.0,0.0,0.0,0.0,0.0,false,false,false,false
2,83.198158,Nov 5, 2019, 9:12:13 PM,0.0,0.0,0.0,0.0,0.0,0.0,0.0,0.0,0.0,0.0,0.0,0.0,0.0,0.0,0.0,0.0,0.0,0.0,false,false,false,false
2,84.002525,Nov 5, 2019, 9:12:13 PM,0.0,0.0,0.0,0.0,0.0,0.0,0.0,0.0,0.0,0.0,0.0,0.0,0.0,0.0,0.0,0.0,0.0,0.0,false,false,false,false
2,82.106552,Nov 5, 2019, 9:12:13 PM,0.0,0.0,0.0,0.0,0.0,0.0,0.0,0.0,0.0,0.0,0.0,0.0,0.0,0.0,0.0,0.0,0.0,0.0,false,false,false,false
2,85.697128,Nov 5, 2019, 9:12:13 PM,0.0,0.0,0.0,0.0,0.0,0.0,0.0,0.0,0.0,0.0,0.0,0.0,0.0,0.0,0.0,0.0,0.0,0.0,false,false,false,false
2,83.383354,Nov 5, 2019, 9:12:13 PM,0.0,0.0,0.0,0.0,0.0,0.0,0.0,0.0,0.0,0.0,0.0,0.0,0.0,0.0,0.0,0.0,0.0,0.0,false,false,false,false
2,66.629814,Nov 5, 2019, 9:12:13 PM,0.0,0.0,0.0,0.0,0.0,0.0,0.0,0.0,0.0,0.0,0.0,0.0,0.0,0.0,0.0,0.0,0.0,0.0,false,false,false,false
2,78.988312,Nov 5, 2019, 9:12:13 PM,0.0,0.0,0.0,0.0,0.0,0.0,0.0,0.0,0.0,0.0,0.0,0.0,0.0,0.0,0.0,0.0,0.0,0.0,false,false,false,false
2,64.385689,Nov 5, 2019, 9:12:13 PM,0.0,0.0,0.0,0.0,0.0,0.0,0.0,0.0,0.0,0.0,0.0,0.0,0.0,0.0,0.0,0.0,0.0,0.0,false,true,false,false
2,78.298729,Nov 5, 2019, 9:12:13 PM,0.0,0.0,0.0,0.0,0.0,0.0,0.0,0.0,0.0,0.0,0.0,0.0,0.0,0.0,0.0,0.0,0.0,0.0,false,true,false,false
2,86.817612,Nov 5, 2019, 9:12:13 PM,0.0,0.0,0.0,0.0,0.0,0.0,0.0,0.0,0.0,0.0,0.0,0.0,0.0,0.0,0.0,0.0,0.0,0.0,false,true,false,false
2,82.671967,Nov 5, 2019, 9:12:13 PM,0.0,0.0,0.0,0.0,0.0,0.0,0.0,0.0,0.0,0.0,0.0,0.0,0.0,0.0,0.0,0.0,0.0,0.0,false,true,false,false
2,82.830154,Nov 5, 2019, 9:12:13 PM,0.0,0.0,0.0,0.0,0.0,0.0,0.0,0.0,0.0,0.0,0.0,0.0,0.0,0.0,0.0,0.0,0.0,0.0,false,true,false,false
2,83.391701,Nov 5, 2019, 9:12:13 PM,0.0,0.0,0.0,0.0,0.0,0.0,0.0,0.0,0.0,0.0,0.0,0.0,0.0,0.0,0.0,0.0,0.0,0.0,false,true,false,false
2,69.968239,Nov 5, 2019, 9:12:13 PM,0.0,0.0,0.0,0.0,0.0,0.0,0.0,0.0,0.0,0.0,0.0,0.0,0.0,0.0,0.0,0.0,0.0,0.0,false,true,false,false
2,33.91486,Nov 5, 2019, 9:12:13 PM,0.0,0.0,0.0,0.0,0.0,0.0,0.0,0.0,0.0,0.0,0.0,0.0,0.0,0.0,0.0,0.0,0.0,0.0,false,true,false,false
2,76.72419,Nov 5, 2019, 9:12:13 PM,0.0,0.0,0.0,0.0,0.0,0.0,0.0,0.0,0.0,0.0,0.0,0.0,0.0,0.0,0.0,0.0,0.0,0.0,false,true,false,false
2,86.308823,Nov 5, 2019, 9:12:13 PM,0.0,0.0,0.0,0.0,0.0,0.0,0.0,0.0,0.0,0.0,0.0,0.0,0.0,0.0,0.0,0.0,0.0,0.0,false,true,false,false
2,83.213379,Nov 5, 2019, 9:12:13 PM,0.0,0.0,0.0,0.0,0.0,0.0,0.0,0.0,0.0,0.0,0.0,0.0,0.0,0.0,0.0,0.0,0.0,0.0,false,true,false,false
2,80.541878,Nov 5, 2019, 9:12:13 PM,0.0,0.0,0.0,0.0,0.0,0.0,0.0,0.0,0.0,0.0,0.0,0.0,0.0,0.0,0.0,0.0,0.0,0.0,false,true,false,false
2,79.128944,Nov 5, 2019, 9:12:13 PM,0.0,0.0,0.0,0.0,0.0,0.0,0.0,0.0,0.0,0.0,0.0,0.0,0.0,0.0,0.0,0.0,0.0,0.0,false,true,false,false
2,77.095062,Nov 5, 2019, 9:12:13 PM,0.0,0.0,0.0,0.0,0.0,0.0,0.0,0.0,0.0,0.0,0.0,0.0,0.0,0.0,0.0,0.0,0.0,0.0,false,true,false,false
2,71.952797,Nov 5, 2019, 9:12:13 PM,0.0,0.0,0.0,0.0,0.0,0.0,0.0,0.0,0.0,0.0,0.0,0.0,0.0,0.0,0.0,0.0,0.0,0.0,false,true,false,false
2,71.877296,Nov 5, 2019, 9:12:14 PM,0.0,0.0,0.0,0.0,0.0,0.0,0.0,0.0,0.0,0.0,0.0,0.0,0.0,0.0,0.0,0.0,0.0,0.0,false,true,false,false
2,74.336716,Nov 5, 2019, 9:12:14 PM,0.0,0.0,0.0,0.0,0.0,0.0,0.0,0.0,0.0,0.0,0.0,0.0,0.0,0.0,0.0,0.0,0.0,0.0,false,true,false,false
2,75.61837,Nov 5, 2019, 9:12:14 PM,0.0,0.0,0.0,0.0,0.0,0.0,0.0,0.0,0.0,0.0,0.0,0.0,0.0,0.0,0.0,0.0,0.0,0.0,false,true,false,false
2,75.089737,Nov 5, 2019, 9:12:14 PM,0.0,0.0,0.0,0.0,0.0,0.0,0.0,0.0,0.0,0.0,0.0,0.0,0.0,0.0,0.0,0.0,0.0,0.0,false,true,false,false
2,81.051064,Nov 5, 2019, 9:12:14 PM,0.0,0.0,0.0,0.0,0.0,0.0,0.0,0.0,0.0,0.0,0.0,0.0,0.0,0.0,0.0,0.0,0.0,0.0,false,true,false,false
2,75.754715,Nov 5, 2019, 9:12:14 PM,0.0,0.0,0.0,0.0,0.0,0.0,0.0,0.0,0.0,0.0,0.0,0.0,0.0,0.0,0.0,0.0,0.0,0.0,false,true,false,false
2,78.17997,Nov 5, 2019, 9:12:14 PM,0.0,0.0,0.0,0.0,0.0,0.0,0.0,0.0,0.0,0.0,0.0,0.0,0.0,0.0,0.0,0.0,0.0,0.0,false,true,false,false
2,76.268349,Nov 5, 2019, 9:12:14 PM,0.0,0.0,0.0,0.0,0.0,0.0,0.0,0.0,0.0,0.0,0.0,0.0,0.0,0.0,0.0,0.0,0.0,0.0,false,true,false,false
2,81.793571,Nov 5, 2019, 9:12:14 PM,0.0,0.0,0.0,0.0,0.0,0.0,0.0,0.0,0.0,0.0,0.0,0.0,0.0,0.0,0.0,0.0,0.0,0.0,false,true,false,false
2,79.69017,Nov 5, 2019, 9:12:14 PM,0.0,0.0,0.0,0.0,0.0,0.0,0.0,0.0,0.0,0.0,0.0,0.0,0.0,0.0,0.0,0.0,0.0,0.0,false,true,false,false
2,81.987358,Nov 5, 2019, 9:12:14 PM,0.0,0.0,0.0,0.0,0.0,0.0,0.0,0.0,0.0,0.0,0.0,0.0,0.0,0.0,0.0,0.0,0.0,0.0,false,true,false,false
2,79.069511,Nov 5, 2019, 9:12:14 PM,0.0,0.0,0.0,0.0,0.0,0.0,0.0,0.0,0.0,0.0,0.0,0.0,0.0,0.0,0.0,0.0,0.0,0.0,false,true,false,false
2,73.551056,Nov 5, 2019, 9:12:14 PM,0.0,0.0,0.0,0.0,0.0,0.0,0.0,0.0,0.0,0.0,0.0,0.0,0.0,0.0,0.0,0.0,0.0,0.0,false,true,false,false
2,83.900368,Nov 5, 2019, 9:12:14 PM,0.0,0.0,0.0,0.0,0.0,0.0,0.0,0.0,0.0,0.0,0.0,0.0,0.0,0.0,0.0,0.0,0.0,0.0,false,true,false,false
2,81.264465,Nov 5, 2019, 9:12:14 PM,0.0,0.0,0.0,0.0,0.0,0.0,0.0,0.0,0.0,0.0,0.0,0.0,0.0,0.0,0.0,0.0,0.0,0.0,false,true,false,false
2,79.556396,Nov 5, 2019, 9:12:14 PM,0.0,0.0,0.0,0.0,0.0,0.0,0.0,0.0,0.0,0.0,0.0,0.0,0.0,0.0,0.0,0.0,0.0,0.0,false,true,false,false
2,81.119453,Nov 5, 2019, 9:12:14 PM,0.0,0.0,0.0,0.0,0.0,0.0,0.0,0.0,0.0,0.0,0.0,0.0,0.0,0.0,0.0,0.0,0.0,0.0,false,true,false,false
2,83.689697,Nov 5, 2019, 9:12:14 PM,0.0,0.0,0.0,0.0,0.0,0.0,0.0,0.0,0.0,0.0,0.0,0.0,0.0,0.0,0.0,0.0,0.0,0.0,false,true,false,false
2,88.837578,Nov 5, 2019, 9:12:14 PM,0.0,0.0,0.0,0.0,0.0,0.0,0.0,0.0,0.0,0.0,0.0,0.0,0.0,0.0,0.0,0.0,0.0,0.0,false,true,false,false
2,85.786819,Nov 5, 2019, 9:12:14 PM,0.0,0.0,0.0,0.0,0.0,0.0,0.0,0.0,0.0,0.0,0.0,0.0,0.0,0.0,0.0,0.0,0.0,0.0,false,true,false,false
2,82.788307,Nov 5, 2019, 9:12:14 PM,0.0,0.0,0.0,0.0,0.0,0.0,0.0,0.0,0.0,0.0,0.0,0.0,0.0,0.0,0.0,0.0,0.0,0.0,false,true,false,false
2,77.939285,Nov 5, 2019, 9:12:14 PM,0.0,0.0,0.0,0.0,0.0,0.0,0.0,0.0,0.0,0.0,0.0,0.0,0.0,0.0,0.0,0.0,0.0,0.0,false,true,false,false
2,83.85183,Nov 5, 2019, 9:12:14 PM,0.0,0.0,0.0,0.0,0.0,0.0,0.0,0.0,0.0,0.0,0.0,0.0,0.0,0.0,0.0,0.0,0.0,0.0,false,true,false,false
2,84.421654,Nov 5, 2019, 9:12:14 PM,0.0,0.0,0.0,0.0,0.0,0.0,0.0,0.0,0.0,0.0,0.0,0.0,0.0,0.0,0.0,0.0,0.0,0.0,false,true,false,false
2,79.779175,Nov 5, 2019, 9:12:14 PM,0.0,0.0,0.0,0.0,0.0,0.0,0.0,0.0,0.0,0.0,0.0,0.0,0.0,0.0,0.0,0.0,0.0,0.0,false,true,false,false
2,80.341949,Nov 5, 2019, 9:12:14 PM,0.0,0.0,0.0,0.0,0.0,0.0,0.0,0.0,0.0,0.0,0.0,0.0,0.0,0.0,0.0,0.0,0.0,0.0,false,true,false,false
2,76.006897,Nov 5, 2019, 9:12:14 PM,0.0,0.0,0.0,0.0,0.0,0.0,0.0,0.0,0.0,0.0,0.0,0.0,0.0,0.0,0.0,0.0,0.0,0.0,false,true,false,false
2,82.753365,Nov 5, 2019, 9:12:14 PM,0.0,0.0,0.0,0.0,0.0,0.0,0.0,0.0,0.0,0.0,0.0,0.0,0.0,0.0,0.0,0.0,0.0,0.0,false,true,false,false
2,77.390388,Nov 5, 2019, 9:12:14 PM,0.0,0.0,0.0,0.0,0.0,0.0,0.0,0.0,0.0,0.0,0.0,0.0,0.0,0.0,0.0,0.0,0.0,0.0,false,true,false,false
2,73.620911,Nov 5, 2019, 9:12:14 PM,0.0,0.0,0.0,0.0,0.0,0.0,0.0,0.0,0.0,0.0,0.0,0.0,0.0,0.0,0.0,0.0,0.0,0.0,false,true,false,false
2,68.975021,Nov 5, 2019, 9:12:14 PM,0.0,0.0,0.0,0.0,0.0,0.0,0.0,0.0,0.0,0.0,0.0,0.0,0.0,0.0,0.0,0.0,0.0,0.0,false,true,false,false
2,71.736534,Nov 5, 2019, 9:12:14 PM,0.0,0.0,0.0,0.0,0.0,0.0,0.0,0.0,0.0,0.0,0.0,0.0,0.0,0.0,0.0,0.0,0.0,0.0,false,true,false,false
2,75.793167,Nov 5, 2019, 9:12:14 PM,0.0,0.0,0.0,0.0,0.0,0.0,0.0,0.0,0.0,0.0,0.0,0.0,0.0,0.0,0.0,0.0,0.0,0.0,false,true,false,false
2,62.887951,Nov 5, 2019, 9:12:14 PM,0.0,0.0,0.0,0.0,0.0,0.0,0.0,0.0,0.0,0.0,0.0,0.0,0.0,0.0,0.0,0.0,0.0,0.0,false,true,false,false
2,69.937889,Nov 5, 2019, 9:12:14 PM,0.0,0.0,0.0,0.0,0.0,0.0,0.0,0.0,0.0,0.0,0.0,0.0,0.0,0.0,0.0,0.0,0.0,0.0,false,true,false,false
2,86.042221,Nov 5, 2019, 9:12:14 PM,0.0,0.0,0.0,0.0,0.0,0.0,0.0,0.0,0.0,0.0,0.0,0.0,0.0,0.0,0.0,0.0,0.0,0.0,false,true,false,false
2,80.101891,Nov 5, 2019, 9:12:14 PM,0.0,0.0,0.0,0.0,0.0,0.0,0.0,0.0,0.0,0.0,0.0,0.0,0.0,0.0,0.0,0.0,0.0,0.0,false,true,false,false
2,82.444992,Nov 5, 2019, 9:12:14 PM,0.0,0.0,0.0,0.0,0.0,0.0,0.0,0.0,0.0,0.0,0.0,0.0,0.0,0.0,0.0,0.0,0.0,0.0,false,true,false,false
2,82.475594,Nov 5, 2019, 9:12:14 PM,0.0,0.0,0.0,0.0,0.0,0.0,0.0,0.0,0.0,0.0,0.0,0.0,0.0,0.0,0.0,0.0,0.0,0.0,false,true,false,false
2,84.791763,Nov 5, 2019, 9:12:14 PM,0.0,0.0,0.0,0.0,0.0,0.0,0.0,0.0,0.0,0.0,0.0,0.0,0.0,0.0,0.0,0.0,0.0,0.0,false,true,false,false
2,85.319122,Nov 5, 2019, 9:12:14 PM,0.0,0.0,0.0,0.0,0.0,0.0,0.0,0.0,0.0,0.0,0.0,0.0,0.0,0.0,0.0,0.0,0.0,0.0,false,true,false,false
2,81.865883,Nov 5, 2019, 9:12:14 PM,0.0,0.0,0.0,0.0,0.0,0.0,0.0,0.0,0.0,0.0,0.0,0.0,0.0,0.0,0.0,0.0,0.0,0.0,false,true,false,false
2,79.655266,Nov 5, 2019, 9:12:14 PM,0.0,0.0,0.0,0.0,0.0,0.0,0.0,0.0,0.0,0.0,0.0,0.0,0.0,0.0,0.0,0.0,0.0,0.0,false,true,false,false
2,86.548615,Nov 5, 2019, 9:12:14 PM,0.0,0.0,0.0,0.0,0.0,0.0,0.0,0.0,0.0,0.0,0.0,0.0,0.0,0.0,0.0,0.0,0.0,0.0,false,true,false,false
2,79.263786,Nov 5, 2019, 9:12:14 PM,0.0,0.0,0.0,0.0,0.0,0.0,0.0,0.0,0.0,0.0,0.0,0.0,0.0,0.0,0.0,0.0,0.0,0.0,false,true,false,false
2,83.379883,Nov 5, 2019, 9:12:14 PM,0.0,0.0,0.0,0.0,0.0,0.0,0.0,0.0,0.0,0.0,0.0,0.0,0.0,0.0,0.0,0.0,0.0,0.0,false,true,false,false
2,24.550602,Nov 5, 2019, 9:12:14 PM,0.0,0.0,0.0,0.0,0.0,0.0,0.0,0.0,0.0,0.0,0.0,0.0,0.0,0.0,0.0,0.0,0.0,0.0,false,true,false,false
2,78.534218,Nov 5, 2019, 9:12:14 PM,0.0,0.0,0.0,0.0,0.0,0.0,0.0,0.0,0.0,0.0,0.0,0.0,0.0,0.0,0.0,0.0,0.0,0.0,false,true,false,false
2,82.178741,Nov 5, 2019, 9:12:14 PM,0.0,0.0,0.0,0.0,0.0,0.0,0.0,0.0,0.0,0.0,0.0,0.0,0.0,0.0,0.0,0.0,0.0,0.0,false,true,false,false
2,81.349083,Nov 5, 2019, 9:12:14 PM,0.0,0.0,0.0,0.0,0.0,0.0,0.0,0.0,0.0,0.0,0.0,0.0,0.0,0.0,0.0,0.0,0.0,0.0,false,true,false,false
2,79.331085,Nov 5, 2019, 9:12:14 PM,0.0,0.0,0.0,0.0,0.0,0.0,0.0,0.0,0.0,0.0,0.0,0.0,0.0,0.0,0.0,0.0,0.0,0.0,false,true,false,false
2,84.612396,Nov 5, 2019, 9:12:14 PM,0.0,0.0,0.0,0.0,0.0,0.0,0.0,0.0,0.0,0.0,0.0,0.0,0.0,0.0,0.0,0.0,0.0,0.0,false,true,false,false
2,79.379555,Nov 5, 2019, 9:12:14 PM,0.0,0.0,0.0,0.0,0.0,0.0,0.0,0.0,0.0,0.0,0.0,0.0,0.0,0.0,0.0,0.0,0.0,0.0,false,true,false,false
2,79.188469,Nov 5, 2019, 9:12:14 PM,0.0,0.0,0.0,0.0,0.0,0.0,0.0,0.0,0.0,0.0,0.0,0.0,0.0,0.0,0.0,0.0,0.0,0.0,false,true,false,false
2,78.132957,Nov 5, 2019, 9:12:14 PM,0.0,0.0,0.0,0.0,0.0,0.0,0.0,0.0,0.0,0.0,0.0,0.0,0.0,0.0,0.0,0.0,0.0,0.0,false,true,false,false
2,68.886642,Nov 5, 2019, 9:12:14 PM,0.0,0.0,0.0,0.0,0.0,0.0,0.0,0.0,0.0,0.0,0.0,0.0,0.0,0.0,0.0,0.0,0.0,0.0,false,true,false,false
2,77.860413,Nov 5, 2019, 9:12:14 PM,0.0,0.0,0.0,0.0,0.0,0.0,0.0,0.0,0.0,0.0,0.0,0.0,0.0,0.0,0.0,0.0,0.0,0.0,false,true,false,false
2,74.834602,Nov 5, 2019, 9:12:14 PM,0.0,0.0,0.0,0.0,0.0,0.0,0.0,0.0,0.0,0.0,0.0,0.0,0.0,0.0,0.0,0.0,0.0,0.0,false,true,false,false
2,75.717422,Nov 5, 2019, 9:12:14 PM,0.0,0.0,0.0,0.0,0.0,0.0,0.0,0.0,0.0,0.0,0.0,0.0,0.0,0.0,0.0,0.0,0.0,0.0,false,true,false,false
2,79.869659,Nov 5, 2019, 9:12:14 PM,0.0,0.0,0.0,0.0,0.0,0.0,0.0,0.0,0.0,0.0,0.0,0.0,0.0,0.0,0.0,0.0,0.0,0.0,false,true,false,false
2,79.408554,Nov 5, 2019, 9:12:14 PM,0.0,0.0,0.0,0.0,0.0,0.0,0.0,0.0,0.0,0.0,0.0,0.0,0.0,0.0,0.0,0.0,0.0,0.0,false,true,false,false
2,80.117935,Nov 5, 2019, 9:12:14 PM,0.0,0.0,0.0,0.0,0.0,0.0,0.0,0.0,0.0,0.0,0.0,0.0,0.0,0.0,0.0,0.0,0.0,0.0,false,true,false,false
2,74.666992,Nov 5, 2019, 9:12:14 PM,0.0,0.0,0.0,0.0,0.0,0.0,0.0,0.0,0.0,0.0,0.0,0.0,0.0,0.0,0.0,0.0,0.0,0.0,false,true,false,false
2,77.964188,Nov 5, 2019, 9:12:14 PM,0.0,0.0,0.0,0.0,0.0,0.0,0.0,0.0,0.0,0.0,0.0,0.0,0.0,0.0,0.0,0.0,0.0,0.0,false,true,false,false
2,77.616867,Nov 5, 2019, 9:12:14 PM,0.0,0.0,0.0,0.0,0.0,0.0,0.0,0.0,0.0,0.0,0.0,0.0,0.0,0.0,0.0,0.0,0.0,0.0,false,true,false,false
2,77.919853,Nov 5, 2019, 9:12:14 PM,0.0,0.0,0.0,0.0,0.0,0.0,0.0,0.0,0.0,0.0,0.0,0.0,0.0,0.0,0.0,0.0,0.0,0.0,false,true,false,false
2,71.827209,Nov 5, 2019, 9:12:14 PM,0.0,0.0,0.0,0.0,0.0,0.0,0.0,0.0,0.0,0.0,0.0,0.0,0.0,0.0,0.0,0.0,0.0,0.0,false,true,false,false
2,67.902489,Nov 5, 2019, 9:12:14 PM,0.0,0.0,0.0,0.0,0.0,0.0,0.0,0.0,0.0,0.0,0.0,0.0,0.0,0.0,0.0,0.0,0.0,0.0,false,true,false,false
2,72.255905,Nov 5, 2019, 9:12:14 PM,0.0,0.0,0.0,0.0,0.0,0.0,0.0,0.0,0.0,0.0,0.0,0.0,0.0,0.0,0.0,0.0,0.0,0.0,false,true,false,false
2,76.334129,Nov 5, 2019, 9:12:14 PM,0.0,0.0,0.0,0.0,0.0,0.0,0.0,0.0,0.0,0.0,0.0,0.0,0.0,0.0,0.0,0.0,0.0,0.0,false,true,false,false
2,77.769554,Nov 5, 2019, 9:12:14 PM,0.0,0.0,0.0,0.0,0.0,0.0,0.0,0.0,0.0,0.0,0.0,0.0,0.0,0.0,0.0,0.0,0.0,0.0,false,true,false,false
2,75.337509,Nov 5, 2019, 9:12:14 PM,0.0,0.0,0.0,0.0,0.0,0.0,0.0,0.0,0.0,0.0,0.0,0.0,0.0,0.0,0.0,0.0,0.0,0.0,false,true,false,false
2,70.83358,Nov 5, 2019, 9:12:14 PM,0.0,0.0,0.0,0.0,0.0,0.0,0.0,0.0,0.0,0.0,0.0,0.0,0.0,0.0,0.0,0.0,0.0,0.0,false,true,false,false
2,77.607826,Nov 5, 2019, 9:12:14 PM,0.0,0.0,0.0,0.0,0.0,0.0,0.0,0.0,0.0,0.0,0.0,0.0,0.0,0.0,0.0,0.0,0.0,0.0,false,true,false,false
2,76.490021,Nov 5, 2019, 9:12:14 PM,0.0,0.0,0.0,0.0,0.0,0.0,0.0,0.0,0.0,0.0,0.0,0.0,0.0,0.0,0.0,0.0,0.0,0.0,false,true,false,false
2,73.545631,Nov 5, 2019, 9:12:14 PM,0.0,0.0,0.0,0.0,0.0,0.0,0.0,0.0,0.0,0.0,0.0,0.0,0.0,0.0,0.0,0.0,0.0,0.0,false,true,false,false
2,80.8218,Nov 5, 2019, 9:12:15 PM,0.0,0.0,0.0,0.0,0.0,0.0,0.0,0.0,0.0,0.0,0.0,0.0,0.0,0.0,0.0,0.0,0.0,0.0,false,true,false,false
2,84.049164,Nov 5, 2019, 9:12:15 PM,0.0,0.0,0.0,0.0,0.0,0.0,0.0,0.0,0.0,0.0,0.0,0.0,0.0,0.0,0.0,0.0,0.0,0.0,false,true,false,false
2,50.130589,Nov 5, 2019, 9:12:15 PM,0.0,0.0,0.0,0.0,0.0,0.0,0.0,0.0,0.0,0.0,0.0,0.0,0.0,0.0,0.0,0.0,0.0,0.0,false,true,false,false
2,62.551998,Nov 5, 2019, 9:12:15 PM,0.0,0.0,0.0,0.0,0.0,0.0,0.0,0.0,0.0,0.0,0.0,0.0,0.0,0.0,0.0,0.0,0.0,0.0,false,true,false,false
2,78.53054,Nov 5, 2019, 9:12:15 PM,0.0,0.0,0.0,0.0,0.0,0.0,0.0,0.0,0.0,0.0,0.0,0.0,0.0,0.0,0.0,0.0,0.0,0.0,false,true,false,false
2,77.306633,Nov 5, 2019, 9:12:15 PM,0.0,0.0,0.0,0.0,0.0,0.0,0.0,0.0,0.0,0.0,0.0,0.0,0.0,0.0,0.0,0.0,0.0,0.0,false,true,false,false
2,75.485359,Nov 5, 2019, 9:12:15 PM,0.0,0.0,0.0,0.0,0.0,0.0,0.0,0.0,0.0,0.0,0.0,0.0,0.0,0.0,0.0,0.0,0.0,0.0,false,true,false,false
2,76.783684,Nov 5, 2019, 9:12:15 PM,0.0,0.0,0.0,0.0,0.0,0.0,0.0,0.0,0.0,0.0,0.0,0.0,0.0,0.0,0.0,0.0,0.0,0.0,false,true,false,false
2,69.151512,Nov 5, 2019, 9:12:15 PM,0.0,0.0,0.0,0.0,0.0,0.0,0.0,0.0,0.0,0.0,0.0,0.0,0.0,0.0,0.0,0.0,0.0,0.0,false,true,false,false
2,72.065842,Nov 5, 2019, 9:12:15 PM,0.0,0.0,0.0,0.0,0.0,0.0,0.0,0.0,0.0,0.0,0.0,0.0,0.0,0.0,0.0,0.0,0.0,0.0,false,true,false,false
2,72.37252,Nov 5, 2019, 9:12:15 PM,0.0,0.0,0.0,0.0,0.0,0.0,0.0,0.0,0.0,0.0,0.0,0.0,0.0,0.0,0.0,0.0,0.0,0.0,false,true,false,false
2,70.179367,Nov 5, 2019, 9:12:15 PM,0.0,0.0,0.0,0.0,0.0,0.0,0.0,0.0,0.0,0.0,0.0,0.0,0.0,0.0,0.0,0.0,0.0,0.0,false,true,false,false
2,79.72702,Nov 5, 2019, 9:12:15 PM,0.0,0.0,0.0,0.0,0.0,0.0,0.0,0.0,0.0,0.0,0.0,0.0,0.0,0.0,0.0,0.0,0.0,0.0,false,true,false,false
2,72.707191,Nov 5, 2019, 9:12:15 PM,0.0,0.0,0.0,0.0,0.0,0.0,0.0,0.0,0.0,0.0,0.0,0.0,0.0,0.0,0.0,0.0,0.0,0.0,false,true,false,false
2,74.462936,Nov 5, 2019, 9:12:15 PM,0.0,0.0,0.0,0.0,0.0,0.0,0.0,0.0,0.0,0.0,0.0,0.0,0.0,0.0,0.0,0.0,0.0,0.0,false,true,false,false
2,73.216614,Nov 5, 2019, 9:12:15 PM,0.0,0.0,0.0,0.0,0.0,0.0,0.0,0.0,0.0,0.0,0.0,0.0,0.0,0.0,0.0,0.0,0.0,0.0,false,true,false,false
2,78.46769,Nov 5, 2019, 9:12:15 PM,0.0,0.0,0.0,0.0,0.0,0.0,0.0,0.0,0.0,0.0,0.0,0.0,0.0,0.0,0.0,0.0,0.0,0.0,false,true,false,false
2,69.276062,Nov 5, 2019, 9:12:15 PM,0.0,0.0,0.0,0.0,0.0,0.0,0.0,0.0,0.0,0.0,0.0,0.0,0.0,0.0,0.0,0.0,0.0,0.0,false,true,false,false
2,73.457039,Nov 5, 2019, 9:12:15 PM,0.0,0.0,0.0,0.0,0.0,0.0,0.0,0.0,0.0,0.0,0.0,0.0,0.0,0.0,0.0,0.0,0.0,0.0,false,true,false,false
2,76.966881,Nov 5, 2019, 9:12:15 PM,0.0,0.0,0.0,0.0,0.0,0.0,0.0,0.0,0.0,0.0,0.0,0.0,0.0,0.0,0.0,0.0,0.0,0.0,false,true,false,false
2,77.111122,Nov 5, 2019, 9:12:15 PM,0.0,0.0,0.0,0.0,0.0,0.0,0.0,0.0,0.0,0.0,0.0,0.0,0.0,0.0,0.0,0.0,0.0,0.0,false,true,false,false
2,74.995125,Nov 5, 2019, 9:12:15 PM,0.0,0.0,0.0,0.0,0.0,0.0,0.0,0.0,0.0,0.0,0.0,0.0,0.0,0.0,0.0,0.0,0.0,0.0,false,true,false,false
2,70.903381,Nov 5, 2019, 9:12:15 PM,0.0,0.0,0.0,0.0,0.0,0.0,0.0,0.0,0.0,0.0,0.0,0.0,0.0,0.0,0.0,0.0,0.0,0.0,false,true,false,false
2,73.734337,Nov 5, 2019, 9:12:15 PM,0.0,0.0,0.0,0.0,0.0,0.0,0.0,0.0,0.0,0.0,0.0,0.0,0.0,0.0,0.0,0.0,0.0,0.0,false,true,false,false
2,69.825096,Nov 5, 2019, 9:12:15 PM,0.0,0.0,0.0,0.0,0.0,0.0,0.0,0.0,0.0,0.0,0.0,0.0,0.0,0.0,0.0,0.0,0.0,0.0,false,true,false,false
2,76.983475,Nov 5, 2019, 9:12:15 PM,0.0,0.0,0.0,0.0,0.0,0.0,0.0,0.0,0.0,0.0,0.0,0.0,0.0,0.0,0.0,0.0,0.0,0.0,false,true,false,false
2,78.267479,Nov 5, 2019, 9:12:15 PM,0.0,0.0,0.0,0.0,0.0,0.0,0.0,0.0,0.0,0.0,0.0,0.0,0.0,0.0,0.0,0.0,0.0,0.0,false,true,false,false
2,83.03302,Nov 5, 2019, 9:12:15 PM,0.0,0.0,0.0,0.0,0.0,0.0,0.0,0.0,0.0,0.0,0.0,0.0,0.0,0.0,0.0,0.0,0.0,0.0,false,true,false,false
2,78.408005,Nov 5, 2019, 9:12:15 PM,0.0,0.0,0.0,0.0,0.0,0.0,0.0,0.0,0.0,0.0,0.0,0.0,0.0,0.0,0.0,0.0,0.0,0.0,false,true,false,false
2,75.138817,Nov 5, 2019, 9:12:15 PM,0.0,0.0,0.0,0.0,0.0,0.0,0.0,0.0,0.0,0.0,0.0,0.0,0.0,0.0,0.0,0.0,0.0,0.0,false,true,false,false
2,68.799934,Nov 5, 2019, 9:12:15 PM,0.0,0.0,0.0,0.0,0.0,0.0,0.0,0.0,0.0,0.0,0.0,0.0,0.0,0.0,0.0,0.0,0.0,0.0,false,true,false,false
2,71.227089,Nov 5, 2019, 9:12:15 PM,0.0,0.0,0.0,0.0,0.0,0.0,0.0,0.0,0.0,0.0,0.0,0.0,0.0,0.0,0.0,0.0,0.0,0.0,false,true,false,false
2,70.991982,Nov 5, 2019, 9:12:15 PM,0.0,0.0,0.0,0.0,0.0,0.0,0.0,0.0,0.0,0.0,0.0,0.0,0.0,0.0,0.0,0.0,0.0,0.0,false,true,false,false
2,77.33532,Nov 5, 2019, 9:12:15 PM,0.0,0.0,0.0,0.0,0.0,0.0,0.0,0.0,0.0,0.0,0.0,0.0,0.0,0.0,0.0,0.0,0.0,0.0,false,true,false,false
2,81.300148,Nov 5, 2019, 9:12:15 PM,0.0,0.0,0.0,0.0,0.0,0.0,0.0,0.0,0.0,0.0,0.0,0.0,0.0,0.0,0.0,0.0,0.0,0.0,false,true,false,false
2,83.353477,Nov 5, 2019, 9:12:15 PM,0.0,0.0,0.0,0.0,0.0,0.0,0.0,0.0,0.0,0.0,0.0,0.0,0.0,0.0,0.0,0.0,0.0,0.0,false,true,false,false
2,83.365982,Nov 5, 2019, 9:12:15 PM,0.0,0.0,0.0,0.0,0.0,0.0,0.0,0.0,0.0,0.0,0.0,0.0,0.0,0.0,0.0,0.0,0.0,0.0,false,true,false,false
2,80.562019,Nov 5, 2019, 9:12:15 PM,0.0,0.0,0.0,0.0,0.0,0.0,0.0,0.0,0.0,0.0,0.0,0.0,0.0,0.0,0.0,0.0,0.0,0.0,false,true,false,false
2,79.657158,Nov 5, 2019, 9:12:15 PM,0.0,0.0,0.0,0.0,0.0,0.0,0.0,0.0,0.0,0.0,0.0,0.0,0.0,0.0,0.0,0.0,0.0,0.0,false,true,false,false
2,69.247269,Nov 5, 2019, 9:12:15 PM,0.0,0.0,0.0,0.0,0.0,0.0,0.0,0.0,0.0,0.0,0.0,0.0,0.0,0.0,0.0,0.0,0.0,0.0,false,true,false,false
2,76.359207,Nov 5, 2019, 9:12:15 PM,0.0,0.0,0.0,0.0,0.0,0.0,0.0,0.0,0.0,0.0,0.0,0.0,0.0,0.0,0.0,0.0,0.0,0.0,false,true,false,false
2,81.450455,Nov 5, 2019, 9:12:15 PM,0.0,0.0,0.0,0.0,0.0,0.0,0.0,0.0,0.0,0.0,0.0,0.0,0.0,0.0,0.0,0.0,0.0,0.0,false,true,false,false
2,76.356865,Nov 5, 2019, 9:12:15 PM,0.0,0.0,0.0,0.0,0.0,0.0,0.0,0.0,0.0,0.0,0.0,0.0,0.0,0.0,0.0,0.0,0.0,0.0,false,true,false,false
2,74.507866,Nov 5, 2019, 9:12:15 PM,0.0,0.0,0.0,0.0,0.0,0.0,0.0,0.0,0.0,0.0,0.0,0.0,0.0,0.0,0.0,0.0,0.0,0.0,false,true,false,false
2,73.89727,Nov 5, 2019, 9:12:15 PM,0.0,0.0,0.0,0.0,0.0,0.0,0.0,0.0,0.0,0.0,0.0,0.0,0.0,0.0,0.0,0.0,0.0,0.0,false,true,false,false
2,81.05043,Nov 5, 2019, 9:12:15 PM,0.0,0.0,0.0,0.0,0.0,0.0,0.0,0.0,0.0,0.0,0.0,0.0,0.0,0.0,0.0,0.0,0.0,0.0,false,true,false,false
2,79.779793,Nov 5, 2019, 9:12:15 PM,0.0,0.0,0.0,0.0,0.0,0.0,0.0,0.0,0.0,0.0,0.0,0.0,0.0,0.0,0.0,0.0,0.0,0.0,false,true,false,false
2,76.755997,Nov 5, 2019, 9:12:15 PM,0.0,0.0,0.0,0.0,0.0,0.0,0.0,0.0,0.0,0.0,0.0,0.0,0.0,0.0,0.0,0.0,0.0,0.0,false,true,false,false
2,75.438095,Nov 5, 2019, 9:12:15 PM,0.0,0.0,0.0,0.0,0.0,0.0,0.0,0.0,0.0,0.0,0.0,0.0,0.0,0.0,0.0,0.0,0.0,0.0,false,true,false,false
2,80.164185,Nov 5, 2019, 9:12:15 PM,0.0,0.0,0.0,0.0,0.0,0.0,0.0,0.0,0.0,0.0,0.0,0.0,0.0,0.0,0.0,0.0,0.0,0.0,false,true,false,false
2,83.554054,Nov 5, 2019, 9:12:15 PM,0.0,0.0,0.0,0.0,0.0,0.0,0.0,0.0,0.0,0.0,0.0,0.0,0.0,0.0,0.0,0.0,0.0,0.0,false,true,false,false
2,80.162247,Nov 5, 2019, 9:12:15 PM,0.0,0.0,0.0,0.0,0.0,0.0,0.0,0.0,0.0,0.0,0.0,0.0,0.0,0.0,0.0,0.0,0.0,0.0,false,true,false,false
2,81.988731,Nov 5, 2019, 9:12:15 PM,0.0,0.0,0.0,0.0,0.0,0.0,0.0,0.0,0.0,0.0,0.0,0.0,0.0,0.0,0.0,0.0,0.0,0.0,false,true,false,false
2,81.354385,Nov 5, 2019, 9:12:15 PM,0.0,0.0,0.0,0.0,0.0,0.0,0.0,0.0,0.0,0.0,0.0,0.0,0.0,0.0,0.0,0.0,0.0,0.0,false,true,false,false
