ID,FPS,TimeStamp,PlayerHead_X,PlayerHead_Y,PlayerHead_Z,PlayerHeadRot_X,PlayerHeadRot_Y,PlayerHeadRot_Z,PlayerHandRightPos_X,PlayerHandRightPos_Y,PlayerHandRightPos_Z,PlayerHandRightRot_X,PlayerHandRightRot_Y,PlayerHandRightRot_Z,PlayerHandLeftPos_X,PlayerHandLeftPos_Y,PlayerHandLeftPos_Z,PlayerHandLeftRot_X,PlayerHandLeftRot_Y,PlayerHandLeftRot_Z,HasPickedUpDrawTool,HasPaintedWall,HasPressedVRButton,HasCompletedTutorial
85,57.707069,Nov 4, 2019, 9:43:32 PM,0.0,0.0,0.0,0.0,0.0,0.0,0.0,0.0,0.0,0.0,0.0,0.0,0.0,0.0,0.0,0.0,0.0,0.0,false,false,false,false
85,59.997723,Nov 4, 2019, 9:43:32 PM,0.0,0.0,0.0,0.0,0.0,0.0,0.0,0.0,0.0,0.0,0.0,0.0,0.0,0.0,0.0,0.0,0.0,0.0,false,false,false,false
85,59.951321,Nov 4, 2019, 9:43:32 PM,0.0,0.0,0.0,0.0,0.0,0.0,0.0,0.0,0.0,0.0,0.0,0.0,0.0,0.0,0.0,0.0,0.0,0.0,false,false,false,false
85,59.997723,Nov 4, 2019, 9:43:32 PM,0.0,0.0,0.0,0.0,0.0,0.0,0.0,0.0,0.0,0.0,0.0,0.0,0.0,0.0,0.0,0.0,0.0,0.0,false,false,false,false
85,59.997711,Nov 4, 2019, 9:43:32 PM,0.0,0.0,0.0,0.0,0.0,0.0,0.0,0.0,0.0,0.0,0.0,0.0,0.0,0.0,0.0,0.0,0.0,0.0,false,false,false,false
85,59.39019,Nov 4, 2019, 9:43:32 PM,0.0,0.0,0.0,0.0,0.0,0.0,0.0,0.0,0.0,0.0,0.0,0.0,0.0,0.0,0.0,0.0,0.0,0.0,false,false,false,false
85,58.601189,Nov 4, 2019, 9:43:32 PM,0.0,0.0,0.0,0.0,0.0,0.0,0.0,0.0,0.0,0.0,0.0,0.0,0.0,0.0,0.0,0.0,0.0,0.0,false,false,false,false
85,58.334206,Nov 4, 2019, 9:43:32 PM,0.0,0.0,0.0,0.0,0.0,0.0,0.0,0.0,0.0,0.0,0.0,0.0,0.0,0.0,0.0,0.0,0.0,0.0,false,false,false,false
85,58.761318,Nov 4, 2019, 9:43:32 PM,0.0,0.0,0.0,0.0,0.0,0.0,0.0,0.0,0.0,0.0,0.0,0.0,0.0,0.0,0.0,0.0,0.0,0.0,false,false,false,false
85,59.923298,Nov 4, 2019, 9:43:32 PM,0.0,0.0,0.0,0.0,0.0,0.0,0.0,0.0,0.0,0.0,0.0,0.0,0.0,0.0,0.0,0.0,0.0,0.0,false,false,false,false
85,59.918629,Nov 4, 2019, 9:43:32 PM,0.0,0.0,0.0,0.0,0.0,0.0,0.0,0.0,0.0,0.0,0.0,0.0,0.0,0.0,0.0,0.0,0.0,0.0,false,false,false,false
85,59.306004,Nov 4, 2019, 9:43:32 PM,0.0,0.0,0.0,0.0,0.0,0.0,0.0,0.0,0.0,0.0,0.0,0.0,0.0,0.0,0.0,0.0,0.0,0.0,false,false,false,false
85,59.548973,Nov 4, 2019, 9:43:32 PM,0.0,0.0,0.0,0.0,0.0,0.0,0.0,0.0,0.0,0.0,0.0,0.0,0.0,0.0,0.0,0.0,0.0,0.0,false,false,false,false
85,59.527,Nov 4, 2019, 9:43:32 PM,0.0,0.0,0.0,0.0,0.0,0.0,0.0,0.0,0.0,0.0,0.0,0.0,0.0,0.0,0.0,0.0,0.0,0.0,false,false,false,false
85,59.663738,Nov 4, 2019, 9:43:32 PM,0.0,0.0,0.0,0.0,0.0,0.0,0.0,0.0,0.0,0.0,0.0,0.0,0.0,0.0,0.0,0.0,0.0,0.0,false,false,false,false
85,59.998798,Nov 4, 2019, 9:43:33 PM,0.0,0.0,0.0,0.0,0.0,0.0,0.0,0.0,0.0,0.0,0.0,0.0,0.0,0.0,0.0,0.0,0.0,0.0,false,false,false,false
85,59.999519,Nov 4, 2019, 9:43:33 PM,0.0,0.0,0.0,0.0,0.0,0.0,0.0,0.0,0.0,0.0,0.0,0.0,0.0,0.0,0.0,0.0,0.0,0.0,false,false,false,false
85,59.999157,Nov 4, 2019, 9:43:33 PM,0.0,0.0,0.0,0.0,0.0,0.0,0.0,0.0,0.0,0.0,0.0,0.0,0.0,0.0,0.0,0.0,0.0,0.0,false,false,false,false
85,59.998798,Nov 4, 2019, 9:43:33 PM,0.0,0.0,0.0,0.0,0.0,0.0,0.0,0.0,0.0,0.0,0.0,0.0,0.0,0.0,0.0,0.0,0.0,0.0,false,false,false,false
85,59.982254,Nov 4, 2019, 9:43:33 PM,0.0,0.0,0.0,0.0,0.0,0.0,0.0,0.0,0.0,0.0,0.0,0.0,0.0,0.0,0.0,0.0,0.0,0.0,false,false,false,false
85,59.998436,Nov 4, 2019, 9:43:33 PM,0.0,0.0,0.0,0.0,0.0,0.0,0.0,0.0,0.0,0.0,0.0,0.0,0.0,0.0,0.0,0.0,0.0,0.0,false,false,false,false
85,59.997723,Nov 4, 2019, 9:43:33 PM,0.0,0.0,0.0,0.0,0.0,0.0,0.0,0.0,0.0,0.0,0.0,0.0,0.0,0.0,0.0,0.0,0.0,0.0,false,false,false,false
85,59.998436,Nov 4, 2019, 9:43:33 PM,0.0,0.0,0.0,0.0,0.0,0.0,0.0,0.0,0.0,0.0,0.0,0.0,0.0,0.0,0.0,0.0,0.0,0.0,false,false,false,false
85,59.999519,Nov 4, 2019, 9:43:33 PM,0.0,0.0,0.0,0.0,0.0,0.0,0.0,0.0,0.0,0.0,0.0,0.0,0.0,0.0,0.0,0.0,0.0,0.0,false,false,false,false
85,59.999519,Nov 4, 2019, 9:43:33 PM,0.0,0.0,0.0,0.0,0.0,0.0,0.0,0.0,0.0,0.0,0.0,0.0,0.0,0.0,0.0,0.0,0.0,0.0,false,false,false,false
85,59.996998,Nov 4, 2019, 9:43:33 PM,0.0,0.0,0.0,0.0,0.0,0.0,0.0,0.0,0.0,0.0,0.0,0.0,0.0,0.0,0.0,0.0,0.0,0.0,false,false,false,false
85,59.999882,Nov 4, 2019, 9:43:33 PM,0.0,0.0,0.0,0.0,0.0,0.0,0.0,0.0,0.0,0.0,0.0,0.0,0.0,0.0,0.0,0.0,0.0,0.0,false,false,false,false
85,59.996998,Nov 4, 2019, 9:43:33 PM,0.0,0.0,0.0,0.0,0.0,0.0,0.0,0.0,0.0,0.0,0.0,0.0,0.0,0.0,0.0,0.0,0.0,0.0,false,false,false,false
85,59.999157,Nov 4, 2019, 9:43:33 PM,0.0,0.0,0.0,0.0,0.0,0.0,0.0,0.0,0.0,0.0,0.0,0.0,0.0,0.0,0.0,0.0,0.0,0.0,false,false,false,false
85,59.998085,Nov 4, 2019, 9:43:33 PM,0.0,0.0,0.0,0.0,0.0,0.0,0.0,0.0,0.0,0.0,0.0,0.0,0.0,0.0,0.0,0.0,0.0,0.0,false,false,false,false
85,59.997349,Nov 4, 2019, 9:43:33 PM,0.0,0.0,0.0,0.0,0.0,0.0,0.0,0.0,0.0,0.0,0.0,0.0,0.0,0.0,0.0,0.0,0.0,0.0,false,false,false,false
85,48.316422,Nov 4, 2019, 9:43:33 PM,0.0,0.0,0.0,0.0,0.0,0.0,0.0,0.0,0.0,0.0,0.0,0.0,0.0,0.0,0.0,0.0,0.0,0.0,false,false,false,false
85,59.99736,Nov 4, 2019, 9:43:33 PM,0.0,0.0,0.0,0.0,0.0,0.0,0.0,0.0,0.0,0.0,0.0,0.0,0.0,0.0,0.0,0.0,0.0,0.0,false,false,false,false
85,59.999508,Nov 4, 2019, 9:43:33 PM,0.0,0.0,0.0,0.0,0.0,0.0,0.0,0.0,0.0,0.0,0.0,0.0,0.0,0.0,0.0,0.0,0.0,0.0,false,false,false,false
85,59.997723,Nov 4, 2019, 9:43:33 PM,0.0,0.0,0.0,0.0,0.0,0.0,0.0,0.0,0.0,0.0,0.0,0.0,0.0,0.0,0.0,0.0,0.0,0.0,false,false,false,false
85,59.998085,Nov 4, 2019, 9:43:33 PM,0.0,0.0,0.0,0.0,0.0,0.0,0.0,0.0,0.0,0.0,0.0,0.0,0.0,0.0,0.0,0.0,0.0,0.0,false,false,false,false
85,59.996998,Nov 4, 2019, 9:43:33 PM,0.0,0.0,0.0,0.0,0.0,0.0,0.0,0.0,0.0,0.0,0.0,0.0,0.0,0.0,0.0,0.0,0.0,0.0,false,false,false,false
85,59.998798,Nov 4, 2019, 9:43:33 PM,0.0,0.0,0.0,0.0,0.0,0.0,0.0,0.0,0.0,0.0,0.0,0.0,0.0,0.0,0.0,0.0,0.0,0.0,false,false,false,false
85,59.998436,Nov 4, 2019, 9:43:33 PM,0.0,0.0,0.0,0.0,0.0,0.0,0.0,0.0,0.0,0.0,0.0,0.0,0.0,0.0,0.0,0.0,0.0,0.0,false,false,false,false
85,59.999882,Nov 4, 2019, 9:43:33 PM,0.0,0.0,0.0,0.0,0.0,0.0,0.0,0.0,0.0,0.0,0.0,0.0,0.0,0.0,0.0,0.0,0.0,0.0,false,false,false,false
85,59.712196,Nov 4, 2019, 9:43:33 PM,0.0,0.0,0.0,0.0,0.0,0.0,0.0,0.0,0.0,0.0,0.0,0.0,0.0,0.0,0.0,0.0,0.0,0.0,false,false,false,false
85,59.990524,Nov 4, 2019, 9:43:33 PM,0.0,0.0,0.0,0.0,0.0,0.0,0.0,0.0,0.0,0.0,0.0,0.0,0.0,0.0,0.0,0.0,0.0,0.0,false,false,false,false
85,59.999157,Nov 4, 2019, 9:43:33 PM,0.0,0.0,0.0,0.0,0.0,0.0,0.0,0.0,0.0,0.0,0.0,0.0,0.0,0.0,0.0,0.0,0.0,0.0,false,false,false,false
85,59.996639,Nov 4, 2019, 9:43:33 PM,0.0,0.0,0.0,0.0,0.0,0.0,0.0,0.0,0.0,0.0,0.0,0.0,0.0,0.0,0.0,0.0,0.0,0.0,false,false,false,false
85,59.99736,Nov 4, 2019, 9:43:33 PM,0.0,0.0,0.0,0.0,0.0,0.0,0.0,0.0,0.0,0.0,0.0,0.0,0.0,0.0,0.0,0.0,0.0,0.0,false,false,false,false
85,59.95779,Nov 4, 2019, 9:43:33 PM,0.0,0.0,0.0,0.0,0.0,0.0,0.0,0.0,0.0,0.0,0.0,0.0,0.0,0.0,0.0,0.0,0.0,0.0,false,false,false,false
85,59.762138,Nov 4, 2019, 9:43:33 PM,0.0,0.0,0.0,0.0,0.0,0.0,0.0,0.0,0.0,0.0,0.0,0.0,0.0,0.0,0.0,0.0,0.0,0.0,false,false,false,false
85,59.997723,Nov 4, 2019, 9:43:33 PM,0.0,0.0,0.0,0.0,0.0,0.0,0.0,0.0,0.0,0.0,0.0,0.0,0.0,0.0,0.0,0.0,0.0,0.0,false,false,false,false
85,59.998436,Nov 4, 2019, 9:43:33 PM,0.0,0.0,0.0,0.0,0.0,0.0,0.0,0.0,0.0,0.0,0.0,0.0,0.0,0.0,0.0,0.0,0.0,0.0,false,false,false,false
85,59.998447,Nov 4, 2019, 9:43:33 PM,0.0,0.0,0.0,0.0,0.0,0.0,0.0,0.0,0.0,0.0,0.0,0.0,0.0,0.0,0.0,0.0,0.0,0.0,false,false,false,false
85,59.965706,Nov 4, 2019, 9:43:33 PM,0.0,0.0,0.0,0.0,0.0,0.0,0.0,0.0,0.0,0.0,0.0,0.0,0.0,0.0,0.0,0.0,0.0,0.0,false,false,false,false
85,56.724064,Nov 4, 2019, 9:43:33 PM,0.0,0.0,0.0,0.0,0.0,0.0,0.0,0.0,0.0,0.0,0.0,0.0,0.0,0.0,0.0,0.0,0.0,0.0,false,false,false,false
85,59.996998,Nov 4, 2019, 9:43:33 PM,0.0,0.0,0.0,0.0,0.0,0.0,0.0,0.0,0.0,0.0,0.0,0.0,0.0,0.0,0.0,0.0,0.0,0.0,false,false,false,false
85,59.948803,Nov 4, 2019, 9:43:33 PM,0.0,0.0,0.0,0.0,0.0,0.0,0.0,0.0,0.0,0.0,0.0,0.0,0.0,0.0,0.0,0.0,0.0,0.0,false,false,false,false
85,59.916115,Nov 4, 2019, 9:43:33 PM,0.0,0.0,0.0,0.0,0.0,0.0,0.0,0.0,0.0,0.0,0.0,0.0,0.0,0.0,0.0,0.0,0.0,0.0,false,false,false,false
85,59.995564,Nov 4, 2019, 9:43:33 PM,0.0,0.0,0.0,0.0,0.0,0.0,0.0,0.0,0.0,0.0,0.0,0.0,0.0,0.0,0.0,0.0,0.0,0.0,false,false,false,false
85,59.915768,Nov 4, 2019, 9:43:33 PM,0.0,0.0,0.0,0.0,0.0,0.0,0.0,0.0,0.0,0.0,0.0,0.0,0.0,0.0,0.0,0.0,0.0,0.0,false,false,false,false
85,57.572178,Nov 4, 2019, 9:43:33 PM,0.0,0.0,0.0,0.0,0.0,0.0,0.0,0.0,0.0,0.0,0.0,0.0,0.0,0.0,0.0,0.0,0.0,0.0,false,false,false,false
85,59.996639,Nov 4, 2019, 9:43:33 PM,0.0,0.0,0.0,0.0,0.0,0.0,0.0,0.0,0.0,0.0,0.0,0.0,0.0,0.0,0.0,0.0,0.0,0.0,false,false,false,false
85,59.999157,Nov 4, 2019, 9:43:33 PM,0.0,0.0,0.0,0.0,0.0,0.0,0.0,0.0,0.0,0.0,0.0,0.0,0.0,0.0,0.0,0.0,0.0,0.0,false,false,false,false
85,59.998085,Nov 4, 2019, 9:43:33 PM,0.0,0.0,0.0,0.0,0.0,0.0,0.0,0.0,0.0,0.0,0.0,0.0,0.0,0.0,0.0,0.0,0.0,0.0,false,false,false,false
85,59.729309,Nov 4, 2019, 9:43:33 PM,0.0,0.0,0.0,0.0,0.0,0.0,0.0,0.0,0.0,0.0,0.0,0.0,0.0,0.0,0.0,0.0,0.0,0.0,false,false,false,false
85,59.998436,Nov 4, 2019, 9:43:33 PM,0.0,0.0,0.0,0.0,0.0,0.0,0.0,0.0,0.0,0.0,0.0,0.0,0.0,0.0,0.0,0.0,0.0,0.0,false,false,false,false
85,59.975403,Nov 4, 2019, 9:43:33 PM,0.0,0.0,0.0,0.0,0.0,0.0,0.0,0.0,0.0,0.0,0.0,0.0,0.0,0.0,0.0,0.0,0.0,0.0,false,false,false,false
85,59.998447,Nov 4, 2019, 9:43:33 PM,0.0,0.0,0.0,0.0,0.0,0.0,0.0,0.0,0.0,0.0,0.0,0.0,0.0,0.0,0.0,0.0,0.0,0.0,false,false,false,false
85,58.63142,Nov 4, 2019, 9:43:33 PM,0.0,0.0,0.0,0.0,0.0,0.0,0.0,0.0,0.0,0.0,0.0,0.0,0.0,0.0,0.0,0.0,0.0,0.0,false,false,false,false
85,59.999882,Nov 4, 2019, 9:43:33 PM,0.0,0.0,0.0,0.0,0.0,0.0,0.0,0.0,0.0,0.0,0.0,0.0,0.0,0.0,0.0,0.0,0.0,0.0,false,false,false,false
85,59.999157,Nov 4, 2019, 9:43:33 PM,0.0,0.0,0.0,0.0,0.0,0.0,0.0,0.0,0.0,0.0,0.0,0.0,0.0,0.0,0.0,0.0,0.0,0.0,false,false,false,false
85,59.937668,Nov 4, 2019, 9:43:33 PM,0.0,0.0,0.0,0.0,0.0,0.0,0.0,0.0,0.0,0.0,0.0,0.0,0.0,0.0,0.0,0.0,0.0,0.0,false,false,false,false
85,59.955273,Nov 4, 2019, 9:43:33 PM,0.0,0.0,0.0,0.0,0.0,0.0,0.0,0.0,0.0,0.0,0.0,0.0,0.0,0.0,0.0,0.0,0.0,0.0,false,false,false,false
85,59.997723,Nov 4, 2019, 9:43:33 PM,0.0,0.0,0.0,0.0,0.0,0.0,0.0,0.0,0.0,0.0,0.0,0.0,0.0,0.0,0.0,0.0,0.0,0.0,false,false,false,false
85,59.949875,Nov 4, 2019, 9:43:33 PM,0.0,0.0,0.0,0.0,0.0,0.0,0.0,0.0,0.0,0.0,0.0,0.0,0.0,0.0,0.0,0.0,0.0,0.0,false,false,false,false
85,59.996651,Nov 4, 2019, 9:43:33 PM,0.0,0.0,0.0,0.0,0.0,0.0,0.0,0.0,0.0,0.0,0.0,0.0,0.0,0.0,0.0,0.0,0.0,0.0,false,false,false,false
85,59.99736,Nov 4, 2019, 9:43:33 PM,0.0,0.0,0.0,0.0,0.0,0.0,0.0,0.0,0.0,0.0,0.0,0.0,0.0,0.0,0.0,0.0,0.0,0.0,false,false,false,false
85,59.996277,Nov 4, 2019, 9:43:34 PM,0.0,0.0,0.0,0.0,0.0,0.0,0.0,0.0,0.0,0.0,0.0,0.0,0.0,0.0,0.0,0.0,0.0,0.0,false,false,false,false
85,59.966053,Nov 4, 2019, 9:43:34 PM,0.0,0.0,0.0,0.0,0.0,0.0,0.0,0.0,0.0,0.0,0.0,0.0,0.0,0.0,0.0,0.0,0.0,0.0,false,false,false,false
85,59.997723,Nov 4, 2019, 9:43:34 PM,0.0,0.0,0.0,0.0,0.0,0.0,0.0,0.0,0.0,0.0,0.0,0.0,0.0,0.0,0.0,0.0,0.0,0.0,false,false,false,false
85,59.996998,Nov 4, 2019, 9:43:34 PM,0.0,0.0,0.0,0.0,0.0,0.0,0.0,0.0,0.0,0.0,0.0,0.0,0.0,0.0,0.0,0.0,0.0,0.0,false,false,false,false
85,55.899342,Nov 4, 2019, 9:43:34 PM,0.0,0.0,0.0,0.0,0.0,0.0,0.0,0.0,0.0,0.0,0.0,0.0,0.0,0.0,0.0,0.0,0.0,0.0,false,false,false,false
85,59.997711,Nov 4, 2019, 9:43:34 PM,0.0,0.0,0.0,0.0,0.0,0.0,0.0,0.0,0.0,0.0,0.0,0.0,0.0,0.0,0.0,0.0,0.0,0.0,false,false,false,false
85,55.9231,Nov 4, 2019, 9:43:34 PM,0.0,0.0,0.0,0.0,0.0,0.0,0.0,0.0,0.0,0.0,0.0,0.0,0.0,0.0,0.0,0.0,0.0,0.0,false,false,false,false
85,59.99448,Nov 4, 2019, 9:43:34 PM,0.0,0.0,0.0,0.0,0.0,0.0,0.0,0.0,0.0,0.0,0.0,0.0,0.0,0.0,0.0,0.0,0.0,0.0,false,false,false,false
85,59.99736,Nov 4, 2019, 9:43:34 PM,0.0,0.0,0.0,0.0,0.0,0.0,0.0,0.0,0.0,0.0,0.0,0.0,0.0,0.0,0.0,0.0,0.0,0.0,false,false,false,false
85,59.998798,Nov 4, 2019, 9:43:34 PM,0.0,0.0,0.0,0.0,0.0,0.0,0.0,0.0,0.0,0.0,0.0,0.0,0.0,0.0,0.0,0.0,0.0,0.0,false,false,false,false
85,59.99881,Nov 4, 2019, 9:43:34 PM,0.0,0.0,0.0,0.0,0.0,0.0,0.0,0.0,0.0,0.0,0.0,0.0,0.0,0.0,0.0,0.0,0.0,0.0,false,false,false,false
85,59.99736,Nov 4, 2019, 9:43:34 PM,0.0,0.0,0.0,0.0,0.0,0.0,0.0,0.0,0.0,0.0,0.0,0.0,0.0,0.0,0.0,0.0,0.0,0.0,false,false,false,false
85,59.798233,Nov 4, 2019, 9:43:34 PM,0.0,0.0,0.0,0.0,0.0,0.0,0.0,0.0,0.0,0.0,0.0,0.0,0.0,0.0,0.0,0.0,0.0,0.0,false,false,false,false
85,59.58588,Nov 4, 2019, 9:43:34 PM,0.0,0.0,0.0,0.0,0.0,0.0,0.0,0.0,0.0,0.0,0.0,0.0,0.0,0.0,0.0,0.0,0.0,0.0,false,false,false,false
85,59.819351,Nov 4, 2019, 9:43:34 PM,0.0,0.0,0.0,0.0,0.0,0.0,0.0,0.0,0.0,0.0,0.0,0.0,0.0,0.0,0.0,0.0,0.0,0.0,false,false,false,false
85,59.99736,Nov 4, 2019, 9:43:34 PM,0.0,0.0,0.0,0.0,0.0,0.0,0.0,0.0,0.0,0.0,0.0,0.0,0.0,0.0,0.0,0.0,0.0,0.0,false,false,false,false
85,59.999157,Nov 4, 2019, 9:43:34 PM,0.0,0.0,0.0,0.0,0.0,0.0,0.0,0.0,0.0,0.0,0.0,0.0,0.0,0.0,0.0,0.0,0.0,0.0,false,false,false,false
85,59.996639,Nov 4, 2019, 9:43:34 PM,0.0,0.0,0.0,0.0,0.0,0.0,0.0,0.0,0.0,0.0,0.0,0.0,0.0,0.0,0.0,0.0,0.0,0.0,false,false,false,false
85,59.997723,Nov 4, 2019, 9:43:34 PM,0.0,0.0,0.0,0.0,0.0,0.0,0.0,0.0,0.0,0.0,0.0,0.0,0.0,0.0,0.0,0.0,0.0,0.0,false,false,false,false
85,59.997349,Nov 4, 2019, 9:43:34 PM,0.0,0.0,0.0,0.0,0.0,0.0,0.0,0.0,0.0,0.0,0.0,0.0,0.0,0.0,0.0,0.0,0.0,0.0,false,false,false,false
85,59.932995,Nov 4, 2019, 9:43:34 PM,0.0,0.0,0.0,0.0,0.0,0.0,0.0,0.0,0.0,0.0,0.0,0.0,0.0,0.0,0.0,0.0,0.0,0.0,false,false,false,false
85,59.999157,Nov 4, 2019, 9:43:34 PM,0.0,0.0,0.0,0.0,0.0,0.0,0.0,0.0,0.0,0.0,0.0,0.0,0.0,0.0,0.0,0.0,0.0,0.0,false,false,false,false
85,59.967861,Nov 4, 2019, 9:43:34 PM,0.0,0.0,0.0,0.0,0.0,0.0,0.0,0.0,0.0,0.0,0.0,0.0,0.0,0.0,0.0,0.0,0.0,0.0,false,false,false,false
85,59.996639,Nov 4, 2019, 9:43:34 PM,0.0,0.0,0.0,0.0,0.0,0.0,0.0,0.0,0.0,0.0,0.0,0.0,0.0,0.0,0.0,0.0,0.0,0.0,false,false,false,false
85,59.999157,Nov 4, 2019, 9:43:34 PM,0.0,0.0,0.0,0.0,0.0,0.0,0.0,0.0,0.0,0.0,0.0,0.0,0.0,0.0,0.0,0.0,0.0,0.0,false,false,false,false
85,59.999519,Nov 4, 2019, 9:43:34 PM,0.0,0.0,0.0,0.0,0.0,0.0,0.0,0.0,0.0,0.0,0.0,0.0,0.0,0.0,0.0,0.0,0.0,0.0,false,false,false,false
85,59.999882,Nov 4, 2019, 9:43:34 PM,0.0,0.0,0.0,0.0,0.0,0.0,0.0,0.0,0.0,0.0,0.0,0.0,0.0,0.0,0.0,0.0,0.0,0.0,false,false,false,false
85,59.997723,Nov 4, 2019, 9:43:34 PM,0.0,0.0,0.0,0.0,0.0,0.0,0.0,0.0,0.0,0.0,0.0,0.0,0.0,0.0,0.0,0.0,0.0,0.0,false,false,false,false
85,59.998436,Nov 4, 2019, 9:43:34 PM,0.0,0.0,0.0,0.0,0.0,0.0,0.0,0.0,0.0,0.0,0.0,0.0,0.0,0.0,0.0,0.0,0.0,0.0,false,false,false,false
85,59.949165,Nov 4, 2019, 9:43:34 PM,0.0,0.0,0.0,0.0,0.0,0.0,0.0,0.0,0.0,0.0,0.0,0.0,0.0,0.0,0.0,0.0,0.0,0.0,false,false,false,false
85,59.999519,Nov 4, 2019, 9:43:34 PM,0.0,0.0,0.0,0.0,0.0,0.0,0.0,0.0,0.0,0.0,0.0,0.0,0.0,0.0,0.0,0.0,0.0,0.0,false,false,false,false
85,59.996639,Nov 4, 2019, 9:43:34 PM,0.0,0.0,0.0,0.0,0.0,0.0,0.0,0.0,0.0,0.0,0.0,0.0,0.0,0.0,0.0,0.0,0.0,0.0,false,false,false,false
85,59.998447,Nov 4, 2019, 9:43:34 PM,0.0,0.0,0.0,0.0,0.0,0.0,0.0,0.0,0.0,0.0,0.0,0.0,0.0,0.0,0.0,0.0,0.0,0.0,false,false,false,false
85,59.999157,Nov 4, 2019, 9:43:34 PM,0.0,0.0,0.0,0.0,0.0,0.0,0.0,0.0,0.0,0.0,0.0,0.0,0.0,0.0,0.0,0.0,0.0,0.0,false,false,false,false
85,59.999157,Nov 4, 2019, 9:43:34 PM,0.0,0.0,0.0,0.0,0.0,0.0,0.0,0.0,0.0,0.0,0.0,0.0,0.0,0.0,0.0,0.0,0.0,0.0,false,false,false,false
85,59.993404,Nov 4, 2019, 9:43:34 PM,0.0,0.0,0.0,0.0,0.0,0.0,0.0,0.0,0.0,0.0,0.0,0.0,0.0,0.0,0.0,0.0,0.0,0.0,false,false,false,false
85,59.997349,Nov 4, 2019, 9:43:34 PM,0.0,0.0,0.0,0.0,0.0,0.0,0.0,0.0,0.0,0.0,0.0,0.0,0.0,0.0,0.0,0.0,0.0,0.0,false,false,false,false
85,59.99881,Nov 4, 2019, 9:43:34 PM,0.0,0.0,0.0,0.0,0.0,0.0,0.0,0.0,0.0,0.0,0.0,0.0,0.0,0.0,0.0,0.0,0.0,0.0,false,false,false,false
85,59.996639,Nov 4, 2019, 9:43:34 PM,0.0,0.0,0.0,0.0,0.0,0.0,0.0,0.0,0.0,0.0,0.0,0.0,0.0,0.0,0.0,0.0,0.0,0.0,false,false,false,false
85,59.998074,Nov 4, 2019, 9:43:34 PM,0.0,0.0,0.0,0.0,0.0,0.0,0.0,0.0,0.0,0.0,0.0,0.0,0.0,0.0,0.0,0.0,0.0,0.0,false,false,false,false
85,59.99881,Nov 4, 2019, 9:43:34 PM,0.0,0.0,0.0,0.0,0.0,0.0,0.0,0.0,0.0,0.0,0.0,0.0,0.0,0.0,0.0,0.0,0.0,0.0,false,false,false,false
85,59.998436,Nov 4, 2019, 9:43:34 PM,0.0,0.0,0.0,0.0,0.0,0.0,0.0,0.0,0.0,0.0,0.0,0.0,0.0,0.0,0.0,0.0,0.0,0.0,false,false,false,false
85,59.9729,Nov 4, 2019, 9:43:34 PM,0.0,0.0,0.0,0.0,0.0,0.0,0.0,0.0,0.0,0.0,0.0,0.0,0.0,0.0,0.0,0.0,0.0,0.0,false,false,false,false
85,59.998798,Nov 4, 2019, 9:43:34 PM,0.0,0.0,0.0,0.0,0.0,0.0,0.0,0.0,0.0,0.0,0.0,0.0,0.0,0.0,0.0,0.0,0.0,0.0,false,false,false,false
85,59.997723,Nov 4, 2019, 9:43:34 PM,0.0,0.0,0.0,0.0,0.0,0.0,0.0,0.0,0.0,0.0,0.0,0.0,0.0,0.0,0.0,0.0,0.0,0.0,false,false,false,false
85,59.998436,Nov 4, 2019, 9:43:34 PM,0.0,0.0,0.0,0.0,0.0,0.0,0.0,0.0,0.0,0.0,0.0,0.0,0.0,0.0,0.0,0.0,0.0,0.0,false,false,false,false
85,59.999157,Nov 4, 2019, 9:43:34 PM,0.0,0.0,0.0,0.0,0.0,0.0,0.0,0.0,0.0,0.0,0.0,0.0,0.0,0.0,0.0,0.0,0.0,0.0,false,false,false,false
85,59.996639,Nov 4, 2019, 9:43:34 PM,0.0,0.0,0.0,0.0,0.0,0.0,0.0,0.0,0.0,0.0,0.0,0.0,0.0,0.0,0.0,0.0,0.0,0.0,false,false,false,false
85,59.906796,Nov 4, 2019, 9:43:34 PM,0.0,0.0,0.0,0.0,0.0,0.0,0.0,0.0,0.0,0.0,0.0,0.0,0.0,0.0,0.0,0.0,0.0,0.0,false,false,false,false
85,59.999519,Nov 4, 2019, 9:43:34 PM,0.0,0.0,0.0,0.0,0.0,0.0,0.0,0.0,0.0,0.0,0.0,0.0,0.0,0.0,0.0,0.0,0.0,0.0,false,false,false,false
85,59.999157,Nov 4, 2019, 9:43:34 PM,0.0,0.0,0.0,0.0,0.0,0.0,0.0,0.0,0.0,0.0,0.0,0.0,0.0,0.0,0.0,0.0,0.0,0.0,false,false,false,false
85,59.990524,Nov 4, 2019, 9:43:34 PM,0.0,0.0,0.0,0.0,0.0,0.0,0.0,0.0,0.0,0.0,0.0,0.0,0.0,0.0,0.0,0.0,0.0,0.0,false,false,false,false
85,59.998436,Nov 4, 2019, 9:43:34 PM,0.0,0.0,0.0,0.0,0.0,0.0,0.0,0.0,0.0,0.0,0.0,0.0,0.0,0.0,0.0,0.0,0.0,0.0,false,false,false,false
85,59.946285,Nov 4, 2019, 9:43:34 PM,0.0,0.0,0.0,0.0,0.0,0.0,0.0,0.0,0.0,0.0,0.0,0.0,0.0,0.0,0.0,0.0,0.0,0.0,false,false,false,false
85,57.800125,Nov 4, 2019, 9:43:34 PM,0.0,0.0,0.0,0.0,0.0,0.0,0.0,0.0,0.0,0.0,0.0,0.0,0.0,0.0,0.0,0.0,0.0,0.0,false,false,false,false
85,59.433254,Nov 4, 2019, 9:43:34 PM,0.0,0.0,0.0,0.0,0.0,0.0,0.0,0.0,0.0,0.0,0.0,0.0,0.0,0.0,0.0,0.0,0.0,0.0,false,false,false,false
85,59.999519,Nov 4, 2019, 9:43:34 PM,0.0,0.0,0.0,0.0,0.0,0.0,0.0,0.0,0.0,0.0,0.0,0.0,0.0,0.0,0.0,0.0,0.0,0.0,false,false,false,false
85,59.996998,Nov 4, 2019, 9:43:34 PM,0.0,0.0,0.0,0.0,0.0,0.0,0.0,0.0,0.0,0.0,0.0,0.0,0.0,0.0,0.0,0.0,0.0,0.0,false,false,false,false
85,59.995914,Nov 4, 2019, 9:43:34 PM,0.0,0.0,0.0,0.0,0.0,0.0,0.0,0.0,0.0,0.0,0.0,0.0,0.0,0.0,0.0,0.0,0.0,0.0,false,false,false,false
85,59.999519,Nov 4, 2019, 9:43:34 PM,0.0,0.0,0.0,0.0,0.0,0.0,0.0,0.0,0.0,0.0,0.0,0.0,0.0,0.0,0.0,0.0,0.0,0.0,false,false,false,false
85,59.998798,Nov 4, 2019, 9:43:35 PM,0.0,0.0,0.0,0.0,0.0,0.0,0.0,0.0,0.0,0.0,0.0,0.0,0.0,0.0,0.0,0.0,0.0,0.0,false,false,false,false
85,59.949165,Nov 4, 2019, 9:43:35 PM,0.0,0.0,0.0,0.0,0.0,0.0,0.0,0.0,0.0,0.0,0.0,0.0,0.0,0.0,0.0,0.0,0.0,0.0,false,false,false,false
85,59.996277,Nov 4, 2019, 9:43:35 PM,0.0,0.0,0.0,0.0,0.0,0.0,0.0,0.0,0.0,0.0,0.0,0.0,0.0,0.0,0.0,0.0,0.0,0.0,false,false,false,false
85,59.996288,Nov 4, 2019, 9:43:35 PM,0.0,0.0,0.0,0.0,0.0,0.0,0.0,0.0,0.0,0.0,0.0,0.0,0.0,0.0,0.0,0.0,0.0,0.0,false,false,false,false
85,59.998074,Nov 4, 2019, 9:43:35 PM,0.0,0.0,0.0,0.0,0.0,0.0,0.0,0.0,0.0,0.0,0.0,0.0,0.0,0.0,0.0,0.0,0.0,0.0,false,false,false,false
85,59.996998,Nov 4, 2019, 9:43:35 PM,0.0,0.0,0.0,0.0,0.0,0.0,0.0,0.0,0.0,0.0,0.0,0.0,0.0,0.0,0.0,0.0,0.0,0.0,false,false,false,false
85,59.997723,Nov 4, 2019, 9:43:35 PM,0.0,0.0,0.0,0.0,0.0,0.0,0.0,0.0,0.0,0.0,0.0,0.0,0.0,0.0,0.0,0.0,0.0,0.0,false,false,false,false
85,59.999157,Nov 4, 2019, 9:43:35 PM,0.0,0.0,0.0,0.0,0.0,0.0,0.0,0.0,0.0,0.0,0.0,0.0,0.0,0.0,0.0,0.0,0.0,0.0,false,false,false,false
85,59.998798,Nov 4, 2019, 9:43:35 PM,0.0,0.0,0.0,0.0,0.0,0.0,0.0,0.0,0.0,0.0,0.0,0.0,0.0,0.0,0.0,0.0,0.0,0.0,false,false,false,false
85,59.997013,Nov 4, 2019, 9:43:35 PM,0.0,0.0,0.0,0.0,0.0,0.0,0.0,0.0,0.0,0.0,0.0,0.0,0.0,0.0,0.0,0.0,0.0,0.0,false,false,false,false
85,59.998436,Nov 4, 2019, 9:43:35 PM,0.0,0.0,0.0,0.0,0.0,0.0,0.0,0.0,0.0,0.0,0.0,0.0,0.0,0.0,0.0,0.0,0.0,0.0,false,false,false,false
85,59.95779,Nov 4, 2019, 9:43:35 PM,0.0,0.0,0.0,0.0,0.0,0.0,0.0,0.0,0.0,0.0,0.0,0.0,0.0,0.0,0.0,0.0,0.0,0.0,false,false,false,false
85,59.99736,Nov 4, 2019, 9:43:35 PM,0.0,0.0,0.0,0.0,0.0,0.0,0.0,0.0,0.0,0.0,0.0,0.0,0.0,0.0,0.0,0.0,0.0,0.0,false,false,false,false
85,59.996639,Nov 4, 2019, 9:43:35 PM,0.0,0.0,0.0,0.0,0.0,0.0,0.0,0.0,0.0,0.0,0.0,0.0,0.0,0.0,0.0,0.0,0.0,0.0,false,false,false,false
85,59.877369,Nov 4, 2019, 9:43:35 PM,0.0,0.0,0.0,0.0,0.0,0.0,0.0,0.0,0.0,0.0,0.0,0.0,0.0,0.0,0.0,0.0,0.0,0.0,false,false,false,false
85,59.999519,Nov 4, 2019, 9:43:35 PM,0.0,0.0,0.0,0.0,0.0,0.0,0.0,0.0,0.0,0.0,0.0,0.0,0.0,0.0,0.0,0.0,0.0,0.0,false,false,false,false
85,59.999157,Nov 4, 2019, 9:43:35 PM,0.0,0.0,0.0,0.0,0.0,0.0,0.0,0.0,0.0,0.0,0.0,0.0,0.0,0.0,0.0,0.0,0.0,0.0,false,false,false,false
85,59.99736,Nov 4, 2019, 9:43:35 PM,0.0,0.0,0.0,0.0,0.0,0.0,0.0,0.0,0.0,0.0,0.0,0.0,0.0,0.0,0.0,0.0,0.0,0.0,false,false,false,false
85,59.99736,Nov 4, 2019, 9:43:35 PM,0.0,0.0,0.0,0.0,0.0,0.0,0.0,0.0,0.0,0.0,0.0,0.0,0.0,0.0,0.0,0.0,0.0,0.0,false,false,false,false
85,59.996639,Nov 4, 2019, 9:43:35 PM,0.0,0.0,0.0,0.0,0.0,0.0,0.0,0.0,0.0,0.0,0.0,0.0,0.0,0.0,0.0,0.0,0.0,0.0,false,false,false,false
85,59.999519,Nov 4, 2019, 9:43:35 PM,0.0,0.0,0.0,0.0,0.0,0.0,0.0,0.0,0.0,0.0,0.0,0.0,0.0,0.0,0.0,0.0,0.0,0.0,false,false,false,false
85,59.997723,Nov 4, 2019, 9:43:35 PM,0.0,0.0,0.0,0.0,0.0,0.0,0.0,0.0,0.0,0.0,0.0,0.0,0.0,0.0,0.0,0.0,0.0,0.0,false,false,false,false
85,59.999157,Nov 4, 2019, 9:43:35 PM,0.0,0.0,0.0,0.0,0.0,0.0,0.0,0.0,0.0,0.0,0.0,0.0,0.0,0.0,0.0,0.0,0.0,0.0,false,false,false,false
85,59.998798,Nov 4, 2019, 9:43:35 PM,0.0,0.0,0.0,0.0,0.0,0.0,0.0,0.0,0.0,0.0,0.0,0.0,0.0,0.0,0.0,0.0,0.0,0.0,false,false,false,false
85,59.965343,Nov 4, 2019, 9:43:35 PM,0.0,0.0,0.0,0.0,0.0,0.0,0.0,0.0,0.0,0.0,0.0,0.0,0.0,0.0,0.0,0.0,0.0,0.0,false,false,false,false
85,59.683319,Nov 4, 2019, 9:43:35 PM,0.0,0.0,0.0,0.0,0.0,0.0,0.0,0.0,0.0,0.0,0.0,0.0,0.0,0.0,0.0,0.0,0.0,0.0,false,false,false,false
85,59.997723,Nov 4, 2019, 9:43:35 PM,0.0,0.0,0.0,0.0,0.0,0.0,0.0,0.0,0.0,0.0,0.0,0.0,0.0,0.0,0.0,0.0,0.0,0.0,false,false,false,false
85,59.996639,Nov 4, 2019, 9:43:35 PM,0.0,0.0,0.0,0.0,0.0,0.0,0.0,0.0,0.0,0.0,0.0,0.0,0.0,0.0,0.0,0.0,0.0,0.0,false,false,false,false
85,59.998798,Nov 4, 2019, 9:43:35 PM,0.0,0.0,0.0,0.0,0.0,0.0,0.0,0.0,0.0,0.0,0.0,0.0,0.0,0.0,0.0,0.0,0.0,0.0,false,false,false,false
85,59.779655,Nov 4, 2019, 9:43:35 PM,0.0,0.0,0.0,0.0,0.0,0.0,0.0,0.0,0.0,0.0,0.0,0.0,0.0,0.0,0.0,0.0,0.0,0.0,false,false,false,false
85,59.998798,Nov 4, 2019, 9:43:35 PM,0.0,0.0,0.0,0.0,0.0,0.0,0.0,0.0,0.0,0.0,0.0,0.0,0.0,0.0,0.0,0.0,0.0,0.0,false,false,false,false
85,59.996651,Nov 4, 2019, 9:43:35 PM,0.0,0.0,0.0,0.0,0.0,0.0,0.0,0.0,0.0,0.0,0.0,0.0,0.0,0.0,0.0,0.0,0.0,0.0,false,false,false,false
85,59.997349,Nov 4, 2019, 9:43:35 PM,0.0,0.0,0.0,0.0,0.0,0.0,0.0,0.0,0.0,0.0,0.0,0.0,0.0,0.0,0.0,0.0,0.0,0.0,false,false,false,false
85,59.998085,Nov 4, 2019, 9:43:35 PM,0.0,0.0,0.0,0.0,0.0,0.0,0.0,0.0,0.0,0.0,0.0,0.0,0.0,0.0,0.0,0.0,0.0,0.0,false,false,false,false
85,59.99736,Nov 4, 2019, 9:43:35 PM,0.0,0.0,0.0,0.0,0.0,0.0,0.0,0.0,0.0,0.0,0.0,0.0,0.0,0.0,0.0,0.0,0.0,0.0,false,false,false,false
85,59.998085,Nov 4, 2019, 9:43:35 PM,0.0,0.0,0.0,0.0,0.0,0.0,0.0,0.0,0.0,0.0,0.0,0.0,0.0,0.0,0.0,0.0,0.0,0.0,false,false,false,false
85,59.996998,Nov 4, 2019, 9:43:35 PM,0.0,0.0,0.0,0.0,0.0,0.0,0.0,0.0,0.0,0.0,0.0,0.0,0.0,0.0,0.0,0.0,0.0,0.0,false,false,false,false
85,59.999157,Nov 4, 2019, 9:43:35 PM,0.0,0.0,0.0,0.0,0.0,0.0,0.0,0.0,0.0,0.0,0.0,0.0,0.0,0.0,0.0,0.0,0.0,0.0,false,false,false,false
85,59.999157,Nov 4, 2019, 9:43:35 PM,0.0,0.0,0.0,0.0,0.0,0.0,0.0,0.0,0.0,0.0,0.0,0.0,0.0,0.0,0.0,0.0,0.0,0.0,false,false,false,false
85,59.998436,Nov 4, 2019, 9:43:35 PM,0.0,0.0,0.0,0.0,0.0,0.0,0.0,0.0,0.0,0.0,0.0,0.0,0.0,0.0,0.0,0.0,0.0,0.0,false,false,false,false
85,59.998085,Nov 4, 2019, 9:43:35 PM,0.0,0.0,0.0,0.0,0.0,0.0,0.0,0.0,0.0,0.0,0.0,0.0,0.0,0.0,0.0,0.0,0.0,0.0,false,false,false,false
85,59.996998,Nov 4, 2019, 9:43:35 PM,0.0,0.0,0.0,0.0,0.0,0.0,0.0,0.0,0.0,0.0,0.0,0.0,0.0,0.0,0.0,0.0,0.0,0.0,false,false,false,false
85,59.998436,Nov 4, 2019, 9:43:35 PM,0.0,0.0,0.0,0.0,0.0,0.0,0.0,0.0,0.0,0.0,0.0,0.0,0.0,0.0,0.0,0.0,0.0,0.0,false,false,false,false
85,59.999157,Nov 4, 2019, 9:43:35 PM,0.0,0.0,0.0,0.0,0.0,0.0,0.0,0.0,0.0,0.0,0.0,0.0,0.0,0.0,0.0,0.0,0.0,0.0,false,false,false,false
85,59.999882,Nov 4, 2019, 9:43:35 PM,0.0,0.0,0.0,0.0,0.0,0.0,0.0,0.0,0.0,0.0,0.0,0.0,0.0,0.0,0.0,0.0,0.0,0.0,false,false,false,false
85,59.921143,Nov 4, 2019, 9:43:35 PM,0.0,0.0,0.0,0.0,0.0,0.0,0.0,0.0,0.0,0.0,0.0,0.0,0.0,0.0,0.0,0.0,0.0,0.0,false,false,false,false
85,59.996639,Nov 4, 2019, 9:43:35 PM,0.0,0.0,0.0,0.0,0.0,0.0,0.0,0.0,0.0,0.0,0.0,0.0,0.0,0.0,0.0,0.0,0.0,0.0,false,false,false,false
85,59.99881,Nov 4, 2019, 9:43:35 PM,0.0,0.0,0.0,0.0,0.0,0.0,0.0,0.0,0.0,0.0,0.0,0.0,0.0,0.0,0.0,0.0,0.0,0.0,false,false,false,false
85,59.998798,Nov 4, 2019, 9:43:35 PM,0.0,0.0,0.0,0.0,0.0,0.0,0.0,0.0,0.0,0.0,0.0,0.0,0.0,0.0,0.0,0.0,0.0,0.0,false,false,false,false
85,59.999519,Nov 4, 2019, 9:43:35 PM,0.0,0.0,0.0,0.0,0.0,0.0,0.0,0.0,0.0,0.0,0.0,0.0,0.0,0.0,0.0,0.0,0.0,0.0,false,false,false,false
85,59.981529,Nov 4, 2019, 9:43:35 PM,0.0,0.0,0.0,0.0,0.0,0.0,0.0,0.0,0.0,0.0,0.0,0.0,0.0,0.0,0.0,0.0,0.0,0.0,false,false,false,false
85,59.997349,Nov 4, 2019, 9:43:35 PM,0.0,0.0,0.0,0.0,0.0,0.0,0.0,0.0,0.0,0.0,0.0,0.0,0.0,0.0,0.0,0.0,0.0,0.0,false,false,false,false
85,59.965706,Nov 4, 2019, 9:43:35 PM,0.0,0.0,0.0,0.0,0.0,0.0,0.0,0.0,0.0,0.0,0.0,0.0,0.0,0.0,0.0,0.0,0.0,0.0,false,false,false,false
85,59.999519,Nov 4, 2019, 9:43:35 PM,0.0,0.0,0.0,0.0,0.0,0.0,0.0,0.0,0.0,0.0,0.0,0.0,0.0,0.0,0.0,0.0,0.0,0.0,false,false,false,false
85,59.466114,Nov 4, 2019, 9:43:35 PM,0.0,0.0,0.0,0.0,0.0,0.0,0.0,0.0,0.0,0.0,0.0,0.0,0.0,0.0,0.0,0.0,0.0,0.0,false,false,false,false
85,59.943771,Nov 4, 2019, 9:43:35 PM,0.0,0.0,0.0,0.0,0.0,0.0,0.0,0.0,0.0,0.0,0.0,0.0,0.0,0.0,0.0,0.0,0.0,0.0,false,false,false,false
85,59.999519,Nov 4, 2019, 9:43:35 PM,0.0,0.0,0.0,0.0,0.0,0.0,0.0,0.0,0.0,0.0,0.0,0.0,0.0,0.0,0.0,0.0,0.0,0.0,false,false,false,false
85,59.997723,Nov 4, 2019, 9:43:35 PM,0.0,0.0,0.0,0.0,0.0,0.0,0.0,0.0,0.0,0.0,0.0,0.0,0.0,0.0,0.0,0.0,0.0,0.0,false,false,false,false
85,59.996998,Nov 4, 2019, 9:43:35 PM,0.0,0.0,0.0,0.0,0.0,0.0,0.0,0.0,0.0,0.0,0.0,0.0,0.0,0.0,0.0,0.0,0.0,0.0,false,false,false,false
85,59.996998,Nov 4, 2019, 9:43:35 PM,0.0,0.0,0.0,0.0,0.0,0.0,0.0,0.0,0.0,0.0,0.0,0.0,0.0,0.0,0.0,0.0,0.0,0.0,false,false,false,false
85,59.999519,Nov 4, 2019, 9:43:36 PM,0.0,0.0,0.0,0.0,0.0,0.0,0.0,0.0,0.0,0.0,0.0,0.0,0.0,0.0,0.0,0.0,0.0,0.0,false,false,false,false
85,59.99987,Nov 4, 2019, 9:43:36 PM,0.0,0.0,0.0,0.0,0.0,0.0,0.0,0.0,0.0,0.0,0.0,0.0,0.0,0.0,0.0,0.0,0.0,0.0,false,false,false,false
85,59.928688,Nov 4, 2019, 9:43:36 PM,0.0,0.0,0.0,0.0,0.0,0.0,0.0,0.0,0.0,0.0,0.0,0.0,0.0,0.0,0.0,0.0,0.0,0.0,false,false,false,false
85,59.996639,Nov 4, 2019, 9:43:36 PM,0.0,0.0,0.0,0.0,0.0,0.0,0.0,0.0,0.0,0.0,0.0,0.0,0.0,0.0,0.0,0.0,0.0,0.0,false,false,false,false
85,59.964981,Nov 4, 2019, 9:43:36 PM,0.0,0.0,0.0,0.0,0.0,0.0,0.0,0.0,0.0,0.0,0.0,0.0,0.0,0.0,0.0,0.0,0.0,0.0,false,false,false,false
85,59.99736,Nov 4, 2019, 9:43:36 PM,0.0,0.0,0.0,0.0,0.0,0.0,0.0,0.0,0.0,0.0,0.0,0.0,0.0,0.0,0.0,0.0,0.0,0.0,false,false,false,false
85,59.998085,Nov 4, 2019, 9:43:36 PM,0.0,0.0,0.0,0.0,0.0,0.0,0.0,0.0,0.0,0.0,0.0,0.0,0.0,0.0,0.0,0.0,0.0,0.0,false,false,false,false
85,59.997723,Nov 4, 2019, 9:43:36 PM,0.0,0.0,0.0,0.0,0.0,0.0,0.0,0.0,0.0,0.0,0.0,0.0,0.0,0.0,0.0,0.0,0.0,0.0,false,false,false,false
85,59.996998,Nov 4, 2019, 9:43:36 PM,0.0,0.0,0.0,0.0,0.0,0.0,0.0,0.0,0.0,0.0,0.0,0.0,0.0,0.0,0.0,0.0,0.0,0.0,false,false,false,false
85,59.998798,Nov 4, 2019, 9:43:36 PM,0.0,0.0,0.0,0.0,0.0,0.0,0.0,0.0,0.0,0.0,0.0,0.0,0.0,0.0,0.0,0.0,0.0,0.0,false,false,false,false
85,59.996998,Nov 4, 2019, 9:43:36 PM,0.0,0.0,0.0,0.0,0.0,0.0,0.0,0.0,0.0,0.0,0.0,0.0,0.0,0.0,0.0,0.0,0.0,0.0,false,false,false,false
85,59.999882,Nov 4, 2019, 9:43:36 PM,0.0,0.0,0.0,0.0,0.0,0.0,0.0,0.0,0.0,0.0,0.0,0.0,0.0,0.0,0.0,0.0,0.0,0.0,false,false,false,false
85,59.996277,Nov 4, 2019, 9:43:36 PM,0.0,0.0,0.0,0.0,0.0,0.0,0.0,0.0,0.0,0.0,0.0,0.0,0.0,0.0,0.0,0.0,0.0,0.0,false,false,false,false
85,59.453037,Nov 4, 2019, 9:43:36 PM,0.0,0.0,0.0,0.0,0.0,0.0,0.0,0.0,0.0,0.0,0.0,0.0,0.0,0.0,0.0,0.0,0.0,0.0,false,false,false,false
85,59.996277,Nov 4, 2019, 9:43:36 PM,0.0,0.0,0.0,0.0,0.0,0.0,0.0,0.0,0.0,0.0,0.0,0.0,0.0,0.0,0.0,0.0,0.0,0.0,false,false,false,false
85,59.971088,Nov 4, 2019, 9:43:36 PM,0.0,0.0,0.0,0.0,0.0,0.0,0.0,0.0,0.0,0.0,0.0,0.0,0.0,0.0,0.0,0.0,0.0,0.0,false,false,false,false
85,59.99881,Nov 4, 2019, 9:43:36 PM,0.0,0.0,0.0,0.0,0.0,0.0,0.0,0.0,0.0,0.0,0.0,0.0,0.0,0.0,0.0,0.0,0.0,0.0,false,false,false,false
85,59.999157,Nov 4, 2019, 9:43:36 PM,0.0,0.0,0.0,0.0,0.0,0.0,0.0,0.0,0.0,0.0,0.0,0.0,0.0,0.0,0.0,0.0,0.0,0.0,false,false,false,false
85,59.999157,Nov 4, 2019, 9:43:36 PM,0.0,0.0,0.0,0.0,0.0,0.0,0.0,0.0,0.0,0.0,0.0,0.0,0.0,0.0,0.0,0.0,0.0,0.0,false,false,false,false
85,59.998436,Nov 4, 2019, 9:43:36 PM,0.0,0.0,0.0,0.0,0.0,0.0,0.0,0.0,0.0,0.0,0.0,0.0,0.0,0.0,0.0,0.0,0.0,0.0,false,false,false,false
85,59.996639,Nov 4, 2019, 9:43:36 PM,0.0,0.0,0.0,0.0,0.0,0.0,0.0,0.0,0.0,0.0,0.0,0.0,0.0,0.0,0.0,0.0,0.0,0.0,false,false,false,false
85,59.998447,Nov 4, 2019, 9:43:36 PM,0.0,0.0,0.0,0.0,0.0,0.0,0.0,0.0,0.0,0.0,0.0,0.0,0.0,0.0,0.0,0.0,0.0,0.0,false,false,false,false
85,58.594666,Nov 4, 2019, 9:43:36 PM,0.0,0.0,0.0,0.0,0.0,0.0,0.0,0.0,0.0,0.0,0.0,0.0,0.0,0.0,0.0,0.0,0.0,0.0,false,false,false,false
85,59.998798,Nov 4, 2019, 9:43:36 PM,0.0,0.0,0.0,0.0,0.0,0.0,0.0,0.0,0.0,0.0,0.0,0.0,0.0,0.0,0.0,0.0,0.0,0.0,false,false,false,false
85,59.996998,Nov 4, 2019, 9:43:36 PM,0.0,0.0,0.0,0.0,0.0,0.0,0.0,0.0,0.0,0.0,0.0,0.0,0.0,0.0,0.0,0.0,0.0,0.0,false,false,false,false
85,59.999157,Nov 4, 2019, 9:43:36 PM,0.0,0.0,0.0,0.0,0.0,0.0,0.0,0.0,0.0,0.0,0.0,0.0,0.0,0.0,0.0,0.0,0.0,0.0,false,false,false,false
85,59.99881,Nov 4, 2019, 9:43:36 PM,0.0,0.0,0.0,0.0,0.0,0.0,0.0,0.0,0.0,0.0,0.0,0.0,0.0,0.0,0.0,0.0,0.0,0.0,false,false,false,false
85,59.996639,Nov 4, 2019, 9:43:36 PM,0.0,0.0,0.0,0.0,0.0,0.0,0.0,0.0,0.0,0.0,0.0,0.0,0.0,0.0,0.0,0.0,0.0,0.0,false,false,false,false
85,59.999157,Nov 4, 2019, 9:43:36 PM,0.0,0.0,0.0,0.0,0.0,0.0,0.0,0.0,0.0,0.0,0.0,0.0,0.0,0.0,0.0,0.0,0.0,0.0,false,false,false,false
85,59.996998,Nov 4, 2019, 9:43:36 PM,0.0,0.0,0.0,0.0,0.0,0.0,0.0,0.0,0.0,0.0,0.0,0.0,0.0,0.0,0.0,0.0,0.0,0.0,false,false,false,false
85,59.999519,Nov 4, 2019, 9:43:36 PM,0.0,0.0,0.0,0.0,0.0,0.0,0.0,0.0,0.0,0.0,0.0,0.0,0.0,0.0,0.0,0.0,0.0,0.0,false,false,false,false
85,59.99736,Nov 4, 2019, 9:43:36 PM,0.0,0.0,0.0,0.0,0.0,0.0,0.0,0.0,0.0,0.0,0.0,0.0,0.0,0.0,0.0,0.0,0.0,0.0,false,false,false,false
85,59.999882,Nov 4, 2019, 9:43:36 PM,0.0,0.0,0.0,0.0,0.0,0.0,0.0,0.0,0.0,0.0,0.0,0.0,0.0,0.0,0.0,0.0,0.0,0.0,false,false,false,false
85,59.996998,Nov 4, 2019, 9:43:36 PM,0.0,0.0,0.0,0.0,0.0,0.0,0.0,0.0,0.0,0.0,0.0,0.0,0.0,0.0,0.0,0.0,0.0,0.0,false,false,false,false
85,59.999157,Nov 4, 2019, 9:43:36 PM,0.0,0.0,0.0,0.0,0.0,0.0,0.0,0.0,0.0,0.0,0.0,0.0,0.0,0.0,0.0,0.0,0.0,0.0,false,false,false,false
85,59.996639,Nov 4, 2019, 9:43:36 PM,0.0,0.0,0.0,0.0,0.0,0.0,0.0,0.0,0.0,0.0,0.0,0.0,0.0,0.0,0.0,0.0,0.0,0.0,false,false,false,false
85,59.997723,Nov 4, 2019, 9:43:36 PM,0.0,0.0,0.0,0.0,0.0,0.0,0.0,0.0,0.0,0.0,0.0,0.0,0.0,0.0,0.0,0.0,0.0,0.0,false,false,false,false
85,59.999519,Nov 4, 2019, 9:43:36 PM,0.0,0.0,0.0,0.0,0.0,0.0,0.0,0.0,0.0,0.0,0.0,0.0,0.0,0.0,0.0,0.0,0.0,0.0,false,false,false,false
85,59.996639,Nov 4, 2019, 9:43:36 PM,0.0,0.0,0.0,0.0,0.0,0.0,0.0,0.0,0.0,0.0,0.0,0.0,0.0,0.0,0.0,0.0,0.0,0.0,false,false,false,false
85,59.996998,Nov 4, 2019, 9:43:36 PM,0.0,0.0,0.0,0.0,0.0,0.0,0.0,0.0,0.0,0.0,0.0,0.0,0.0,0.0,0.0,0.0,0.0,0.0,false,false,false,false
85,59.999157,Nov 4, 2019, 9:43:36 PM,0.0,0.0,0.0,0.0,0.0,0.0,0.0,0.0,0.0,0.0,0.0,0.0,0.0,0.0,0.0,0.0,0.0,0.0,false,false,false,false
85,59.997723,Nov 4, 2019, 9:43:36 PM,0.0,0.0,0.0,0.0,0.0,0.0,0.0,0.0,0.0,0.0,0.0,0.0,0.0,0.0,0.0,0.0,0.0,0.0,false,false,false,false
85,59.997349,Nov 4, 2019, 9:43:36 PM,0.0,0.0,0.0,0.0,0.0,0.0,0.0,0.0,0.0,0.0,0.0,0.0,0.0,0.0,0.0,0.0,0.0,0.0,false,false,false,false
85,59.409233,Nov 4, 2019, 9:43:36 PM,0.0,0.0,0.0,0.0,0.0,0.0,0.0,0.0,0.0,0.0,0.0,0.0,0.0,0.0,0.0,0.0,0.0,0.0,false,false,false,false
85,59.998447,Nov 4, 2019, 9:43:36 PM,0.0,0.0,0.0,0.0,0.0,0.0,0.0,0.0,0.0,0.0,0.0,0.0,0.0,0.0,0.0,0.0,0.0,0.0,false,false,false,false
85,59.996639,Nov 4, 2019, 9:43:36 PM,0.0,0.0,0.0,0.0,0.0,0.0,0.0,0.0,0.0,0.0,0.0,0.0,0.0,0.0,0.0,0.0,0.0,0.0,false,false,false,false
85,59.850136,Nov 4, 2019, 9:43:36 PM,0.0,0.0,0.0,0.0,0.0,0.0,0.0,0.0,0.0,0.0,0.0,0.0,0.0,0.0,0.0,0.0,0.0,0.0,false,false,false,false
85,59.99736,Nov 4, 2019, 9:43:36 PM,0.0,0.0,0.0,0.0,0.0,0.0,0.0,0.0,0.0,0.0,0.0,0.0,0.0,0.0,0.0,0.0,0.0,0.0,false,false,false,false
85,59.999157,Nov 4, 2019, 9:43:36 PM,0.0,0.0,0.0,0.0,0.0,0.0,0.0,0.0,0.0,0.0,0.0,0.0,0.0,0.0,0.0,0.0,0.0,0.0,false,false,false,false
85,59.999157,Nov 4, 2019, 9:43:36 PM,0.0,0.0,0.0,0.0,0.0,0.0,0.0,0.0,0.0,0.0,0.0,0.0,0.0,0.0,0.0,0.0,0.0,0.0,false,false,false,false
85,59.943771,Nov 4, 2019, 9:43:36 PM,0.0,0.0,0.0,0.0,0.0,0.0,0.0,0.0,0.0,0.0,0.0,0.0,0.0,0.0,0.0,0.0,0.0,0.0,false,false,false,false
85,59.863403,Nov 4, 2019, 9:43:36 PM,0.0,0.0,0.0,0.0,0.0,0.0,0.0,0.0,0.0,0.0,0.0,0.0,0.0,0.0,0.0,0.0,0.0,0.0,false,false,false,false
85,59.999157,Nov 4, 2019, 9:43:36 PM,0.0,0.0,0.0,0.0,0.0,0.0,0.0,0.0,0.0,0.0,0.0,0.0,0.0,0.0,0.0,0.0,0.0,0.0,false,false,false,false
85,59.99987,Nov 4, 2019, 9:43:36 PM,0.0,0.0,0.0,0.0,0.0,0.0,0.0,0.0,0.0,0.0,0.0,0.0,0.0,0.0,0.0,0.0,0.0,0.0,false,false,false,false
85,59.997013,Nov 4, 2019, 9:43:36 PM,0.0,0.0,0.0,0.0,0.0,0.0,0.0,0.0,0.0,0.0,0.0,0.0,0.0,0.0,0.0,0.0,0.0,0.0,false,false,false,false
85,58.943497,Nov 4, 2019, 9:43:36 PM,0.0,0.0,0.0,0.0,0.0,0.0,0.0,0.0,0.0,0.0,0.0,0.0,0.0,0.0,0.0,0.0,0.0,0.0,false,false,false,false
85,59.998436,Nov 4, 2019, 9:43:36 PM,0.0,0.0,0.0,0.0,0.0,0.0,0.0,0.0,0.0,0.0,0.0,0.0,0.0,0.0,0.0,0.0,0.0,0.0,false,false,false,false
85,59.997723,Nov 4, 2019, 9:43:36 PM,0.0,0.0,0.0,0.0,0.0,0.0,0.0,0.0,0.0,0.0,0.0,0.0,0.0,0.0,0.0,0.0,0.0,0.0,false,false,false,false
85,59.99736,Nov 4, 2019, 9:43:36 PM,0.0,0.0,0.0,0.0,0.0,0.0,0.0,0.0,0.0,0.0,0.0,0.0,0.0,0.0,0.0,0.0,0.0,0.0,false,false,false,false
85,59.996998,Nov 4, 2019, 9:43:36 PM,0.0,0.0,0.0,0.0,0.0,0.0,0.0,0.0,0.0,0.0,0.0,0.0,0.0,0.0,0.0,0.0,0.0,0.0,false,false,false,false
85,59.996639,Nov 4, 2019, 9:43:37 PM,0.0,0.0,0.0,0.0,0.0,0.0,0.0,0.0,0.0,0.0,0.0,0.0,0.0,0.0,0.0,0.0,0.0,0.0,false,false,false,false
85,59.998798,Nov 4, 2019, 9:43:37 PM,0.0,0.0,0.0,0.0,0.0,0.0,0.0,0.0,0.0,0.0,0.0,0.0,0.0,0.0,0.0,0.0,0.0,0.0,false,false,false,false
85,59.999882,Nov 4, 2019, 9:43:37 PM,0.0,0.0,0.0,0.0,0.0,0.0,0.0,0.0,0.0,0.0,0.0,0.0,0.0,0.0,0.0,0.0,0.0,0.0,false,false,false,false
85,59.998798,Nov 4, 2019, 9:43:37 PM,0.0,0.0,0.0,0.0,0.0,0.0,0.0,0.0,0.0,0.0,0.0,0.0,0.0,0.0,0.0,0.0,0.0,0.0,false,false,false,false
85,59.743584,Nov 4, 2019, 9:43:37 PM,0.0,0.0,0.0,0.0,0.0,0.0,0.0,0.0,0.0,0.0,0.0,0.0,0.0,0.0,0.0,0.0,0.0,0.0,false,false,false,false
85,59.998436,Nov 4, 2019, 9:43:37 PM,0.0,0.0,0.0,0.0,0.0,0.0,0.0,0.0,0.0,0.0,0.0,0.0,0.0,0.0,0.0,0.0,0.0,0.0,false,false,false,false
85,59.998085,Nov 4, 2019, 9:43:37 PM,0.0,0.0,0.0,0.0,0.0,0.0,0.0,0.0,0.0,0.0,0.0,0.0,0.0,0.0,0.0,0.0,0.0,0.0,false,false,false,false
85,59.999519,Nov 4, 2019, 9:43:37 PM,0.0,0.0,0.0,0.0,0.0,0.0,0.0,0.0,0.0,0.0,0.0,0.0,0.0,0.0,0.0,0.0,0.0,0.0,false,false,false,false
85,59.999519,Nov 4, 2019, 9:43:37 PM,0.0,0.0,0.0,0.0,0.0,0.0,0.0,0.0,0.0,0.0,0.0,0.0,0.0,0.0,0.0,0.0,0.0,0.0,false,false,false,false
85,59.99987,Nov 4, 2019, 9:43:37 PM,0.0,0.0,0.0,0.0,0.0,0.0,0.0,0.0,0.0,0.0,0.0,0.0,0.0,0.0,0.0,0.0,0.0,0.0,false,false,false,false
85,59.996651,Nov 4, 2019, 9:43:37 PM,0.0,0.0,0.0,0.0,0.0,0.0,0.0,0.0,0.0,0.0,0.0,0.0,0.0,0.0,0.0,0.0,0.0,0.0,false,false,false,false
85,59.99736,Nov 4, 2019, 9:43:37 PM,0.0,0.0,0.0,0.0,0.0,0.0,0.0,0.0,0.0,0.0,0.0,0.0,0.0,0.0,0.0,0.0,0.0,0.0,false,false,false,false
85,59.959583,Nov 4, 2019, 9:43:37 PM,0.0,0.0,0.0,0.0,0.0,0.0,0.0,0.0,0.0,0.0,0.0,0.0,0.0,0.0,0.0,0.0,0.0,0.0,false,false,false,false
85,59.972885,Nov 4, 2019, 9:43:37 PM,0.0,0.0,0.0,0.0,0.0,0.0,0.0,0.0,0.0,0.0,0.0,0.0,0.0,0.0,0.0,0.0,0.0,0.0,false,false,false,false
85,59.998085,Nov 4, 2019, 9:43:37 PM,0.0,0.0,0.0,0.0,0.0,0.0,0.0,0.0,0.0,0.0,0.0,0.0,0.0,0.0,0.0,0.0,0.0,0.0,false,false,false,false
85,59.999157,Nov 4, 2019, 9:43:37 PM,0.0,0.0,0.0,0.0,0.0,0.0,0.0,0.0,0.0,0.0,0.0,0.0,0.0,0.0,0.0,0.0,0.0,0.0,false,false,false,false
85,59.996639,Nov 4, 2019, 9:43:37 PM,0.0,0.0,0.0,0.0,0.0,0.0,0.0,0.0,0.0,0.0,0.0,0.0,0.0,0.0,0.0,0.0,0.0,0.0,false,false,false,false
85,59.99736,Nov 4, 2019, 9:43:37 PM,0.0,0.0,0.0,0.0,0.0,0.0,0.0,0.0,0.0,0.0,0.0,0.0,0.0,0.0,0.0,0.0,0.0,0.0,false,false,false,false
85,59.996277,Nov 4, 2019, 9:43:37 PM,0.0,0.0,0.0,0.0,0.0,0.0,0.0,0.0,0.0,0.0,0.0,0.0,0.0,0.0,0.0,0.0,0.0,0.0,false,false,false,false
85,59.99881,Nov 4, 2019, 9:43:37 PM,0.0,0.0,0.0,0.0,0.0,0.0,0.0,0.0,0.0,0.0,0.0,0.0,0.0,0.0,0.0,0.0,0.0,0.0,false,false,false,false
85,59.999882,Nov 4, 2019, 9:43:37 PM,0.0,0.0,0.0,0.0,0.0,0.0,0.0,0.0,0.0,0.0,0.0,0.0,0.0,0.0,0.0,0.0,0.0,0.0,false,false,false,false
85,59.999508,Nov 4, 2019, 9:43:37 PM,0.0,0.0,0.0,0.0,0.0,0.0,0.0,0.0,0.0,0.0,0.0,0.0,0.0,0.0,0.0,0.0,0.0,0.0,false,false,false,false
85,59.998447,Nov 4, 2019, 9:43:37 PM,0.0,0.0,0.0,0.0,0.0,0.0,0.0,0.0,0.0,0.0,0.0,0.0,0.0,0.0,0.0,0.0,0.0,0.0,false,false,false,false
85,59.999519,Nov 4, 2019, 9:43:37 PM,0.0,0.0,0.0,0.0,0.0,0.0,0.0,0.0,0.0,0.0,0.0,0.0,0.0,0.0,0.0,0.0,0.0,0.0,false,false,false,false
85,59.989437,Nov 4, 2019, 9:43:37 PM,0.0,0.0,0.0,0.0,0.0,0.0,0.0,0.0,0.0,0.0,0.0,0.0,0.0,0.0,0.0,0.0,0.0,0.0,false,false,false,false
85,59.957428,Nov 4, 2019, 9:43:37 PM,0.0,0.0,0.0,0.0,0.0,0.0,0.0,0.0,0.0,0.0,0.0,0.0,0.0,0.0,0.0,0.0,0.0,0.0,false,false,false,false
85,59.965343,Nov 4, 2019, 9:43:37 PM,0.0,0.0,0.0,0.0,0.0,0.0,0.0,0.0,0.0,0.0,0.0,0.0,0.0,0.0,0.0,0.0,0.0,0.0,false,false,false,false
85,59.996998,Nov 4, 2019, 9:43:37 PM,0.0,0.0,0.0,0.0,0.0,0.0,0.0,0.0,0.0,0.0,0.0,0.0,0.0,0.0,0.0,0.0,0.0,0.0,false,false,false,false
85,59.844051,Nov 4, 2019, 9:43:37 PM,0.0,0.0,0.0,0.0,0.0,0.0,0.0,0.0,0.0,0.0,0.0,0.0,0.0,0.0,0.0,0.0,0.0,0.0,false,false,false,false
85,59.999882,Nov 4, 2019, 9:43:37 PM,0.0,0.0,0.0,0.0,0.0,0.0,0.0,0.0,0.0,0.0,0.0,0.0,0.0,0.0,0.0,0.0,0.0,0.0,false,false,false,false
85,59.998074,Nov 4, 2019, 9:43:37 PM,0.0,0.0,0.0,0.0,0.0,0.0,0.0,0.0,0.0,0.0,0.0,0.0,0.0,0.0,0.0,0.0,0.0,0.0,false,false,false,false
85,59.963547,Nov 4, 2019, 9:43:37 PM,0.0,0.0,0.0,0.0,0.0,0.0,0.0,0.0,0.0,0.0,0.0,0.0,0.0,0.0,0.0,0.0,0.0,0.0,false,false,false,false
85,59.999519,Nov 4, 2019, 9:43:37 PM,0.0,0.0,0.0,0.0,0.0,0.0,0.0,0.0,0.0,0.0,0.0,0.0,0.0,0.0,0.0,0.0,0.0,0.0,false,false,false,false
85,59.997723,Nov 4, 2019, 9:43:37 PM,0.0,0.0,0.0,0.0,0.0,0.0,0.0,0.0,0.0,0.0,0.0,0.0,0.0,0.0,0.0,0.0,0.0,0.0,false,false,false,false
85,59.993031,Nov 4, 2019, 9:43:37 PM,0.0,0.0,0.0,0.0,0.0,0.0,0.0,0.0,0.0,0.0,0.0,0.0,0.0,0.0,0.0,0.0,0.0,0.0,false,false,false,false
85,59.999157,Nov 4, 2019, 9:43:37 PM,0.0,0.0,0.0,0.0,0.0,0.0,0.0,0.0,0.0,0.0,0.0,0.0,0.0,0.0,0.0,0.0,0.0,0.0,false,false,false,false
85,59.996998,Nov 4, 2019, 9:43:37 PM,0.0,0.0,0.0,0.0,0.0,0.0,0.0,0.0,0.0,0.0,0.0,0.0,0.0,0.0,0.0,0.0,0.0,0.0,false,false,false,false
85,59.999519,Nov 4, 2019, 9:43:37 PM,0.0,0.0,0.0,0.0,0.0,0.0,0.0,0.0,0.0,0.0,0.0,0.0,0.0,0.0,0.0,0.0,0.0,0.0,false,false,false,false
85,59.999882,Nov 4, 2019, 9:43:37 PM,0.0,0.0,0.0,0.0,0.0,0.0,0.0,0.0,0.0,0.0,0.0,0.0,0.0,0.0,0.0,0.0,0.0,0.0,false,false,false,false
85,59.997723,Nov 4, 2019, 9:43:37 PM,0.0,0.0,0.0,0.0,0.0,0.0,0.0,0.0,0.0,0.0,0.0,0.0,0.0,0.0,0.0,0.0,0.0,0.0,false,false,false,false
85,59.997723,Nov 4, 2019, 9:43:37 PM,0.0,0.0,0.0,0.0,0.0,0.0,0.0,0.0,0.0,0.0,0.0,0.0,0.0,0.0,0.0,0.0,0.0,0.0,false,false,false,false
85,59.998436,Nov 4, 2019, 9:43:37 PM,0.0,0.0,0.0,0.0,0.0,0.0,0.0,0.0,0.0,0.0,0.0,0.0,0.0,0.0,0.0,0.0,0.0,0.0,false,false,false,false
85,59.998798,Nov 4, 2019, 9:43:37 PM,0.0,0.0,0.0,0.0,0.0,0.0,0.0,0.0,0.0,0.0,0.0,0.0,0.0,0.0,0.0,0.0,0.0,0.0,false,false,false,false
85,59.99736,Nov 4, 2019, 9:43:37 PM,0.0,0.0,0.0,0.0,0.0,0.0,0.0,0.0,0.0,0.0,0.0,0.0,0.0,0.0,0.0,0.0,0.0,0.0,false,false,false,false
85,59.998085,Nov 4, 2019, 9:43:37 PM,0.0,0.0,0.0,0.0,0.0,0.0,0.0,0.0,0.0,0.0,0.0,0.0,0.0,0.0,0.0,0.0,0.0,0.0,false,false,false,false
85,59.783581,Nov 4, 2019, 9:43:37 PM,0.0,0.0,0.0,0.0,0.0,0.0,0.0,0.0,0.0,0.0,0.0,0.0,0.0,0.0,0.0,0.0,0.0,0.0,false,false,false,false
85,59.996639,Nov 4, 2019, 9:43:37 PM,0.0,0.0,0.0,0.0,0.0,0.0,0.0,0.0,0.0,0.0,0.0,0.0,0.0,0.0,0.0,0.0,0.0,0.0,false,false,false,false
85,59.99736,Nov 4, 2019, 9:43:37 PM,0.0,0.0,0.0,0.0,0.0,0.0,0.0,0.0,0.0,0.0,0.0,0.0,0.0,0.0,0.0,0.0,0.0,0.0,false,false,false,false
85,40.536541,Nov 4, 2019, 9:43:37 PM,0.0,0.0,0.0,0.0,0.0,0.0,0.0,0.0,0.0,0.0,0.0,0.0,0.0,0.0,0.0,0.0,0.0,0.0,false,false,false,false
85,59.768925,Nov 4, 2019, 9:43:37 PM,0.0,0.0,0.0,0.0,0.0,0.0,0.0,0.0,0.0,0.0,0.0,0.0,0.0,0.0,0.0,0.0,0.0,0.0,false,false,false,false
85,59.957077,Nov 4, 2019, 9:43:37 PM,0.0,0.0,0.0,0.0,0.0,0.0,0.0,0.0,0.0,0.0,0.0,0.0,0.0,0.0,0.0,0.0,0.0,0.0,false,false,false,false
85,59.999519,Nov 4, 2019, 9:43:37 PM,0.0,0.0,0.0,0.0,0.0,0.0,0.0,0.0,0.0,0.0,0.0,0.0,0.0,0.0,0.0,0.0,0.0,0.0,false,false,false,false
85,59.997711,Nov 4, 2019, 9:43:37 PM,0.0,0.0,0.0,0.0,0.0,0.0,0.0,0.0,0.0,0.0,0.0,0.0,0.0,0.0,0.0,0.0,0.0,0.0,false,false,false,false
85,59.99881,Nov 4, 2019, 9:43:37 PM,0.0,0.0,0.0,0.0,0.0,0.0,0.0,0.0,0.0,0.0,0.0,0.0,0.0,0.0,0.0,0.0,0.0,0.0,false,false,false,false
85,59.997711,Nov 4, 2019, 9:43:37 PM,0.0,0.0,0.0,0.0,0.0,0.0,0.0,0.0,0.0,0.0,0.0,0.0,0.0,0.0,0.0,0.0,0.0,0.0,false,false,false,false
85,58.951496,Nov 4, 2019, 9:43:37 PM,0.0,0.0,0.0,0.0,0.0,0.0,0.0,0.0,0.0,0.0,0.0,0.0,0.0,0.0,0.0,0.0,0.0,0.0,false,false,false,false
85,59.999157,Nov 4, 2019, 9:43:37 PM,0.0,0.0,0.0,0.0,0.0,0.0,0.0,0.0,0.0,0.0,0.0,0.0,0.0,0.0,0.0,0.0,0.0,0.0,false,false,false,false
85,59.998436,Nov 4, 2019, 9:43:37 PM,0.0,0.0,0.0,0.0,0.0,0.0,0.0,0.0,0.0,0.0,0.0,0.0,0.0,0.0,0.0,0.0,0.0,0.0,false,false,false,false
85,59.99736,Nov 4, 2019, 9:43:37 PM,0.0,0.0,0.0,0.0,0.0,0.0,0.0,0.0,0.0,0.0,0.0,0.0,0.0,0.0,0.0,0.0,0.0,0.0,false,false,false,false
85,59.998447,Nov 4, 2019, 9:43:38 PM,0.0,0.0,0.0,0.0,0.0,0.0,0.0,0.0,0.0,0.0,0.0,0.0,0.0,0.0,0.0,0.0,0.0,0.0,false,false,false,false
85,59.996277,Nov 4, 2019, 9:43:38 PM,0.0,0.0,0.0,0.0,0.0,0.0,0.0,0.0,0.0,0.0,0.0,0.0,0.0,0.0,0.0,0.0,0.0,0.0,false,false,false,false
85,59.999882,Nov 4, 2019, 9:43:38 PM,0.0,0.0,0.0,0.0,0.0,0.0,0.0,0.0,0.0,0.0,0.0,0.0,0.0,0.0,0.0,0.0,0.0,0.0,false,false,false,false
85,59.999157,Nov 4, 2019, 9:43:38 PM,0.0,0.0,0.0,0.0,0.0,0.0,0.0,0.0,0.0,0.0,0.0,0.0,0.0,0.0,0.0,0.0,0.0,0.0,false,false,false,false
85,59.998798,Nov 4, 2019, 9:43:38 PM,0.0,0.0,0.0,0.0,0.0,0.0,0.0,0.0,0.0,0.0,0.0,0.0,0.0,0.0,0.0,0.0,0.0,0.0,false,false,false,false
85,59.998085,Nov 4, 2019, 9:43:38 PM,0.0,0.0,0.0,0.0,0.0,0.0,0.0,0.0,0.0,0.0,0.0,0.0,0.0,0.0,0.0,0.0,0.0,0.0,false,false,false,false
85,59.999519,Nov 4, 2019, 9:43:38 PM,0.0,0.0,0.0,0.0,0.0,0.0,0.0,0.0,0.0,0.0,0.0,0.0,0.0,0.0,0.0,0.0,0.0,0.0,false,false,false,false
85,59.996639,Nov 4, 2019, 9:43:38 PM,0.0,0.0,0.0,0.0,0.0,0.0,0.0,0.0,0.0,0.0,0.0,0.0,0.0,0.0,0.0,0.0,0.0,0.0,false,false,false,false
85,59.999882,Nov 4, 2019, 9:43:38 PM,0.0,0.0,0.0,0.0,0.0,0.0,0.0,0.0,0.0,0.0,0.0,0.0,0.0,0.0,0.0,0.0,0.0,0.0,false,false,false,false
85,59.99987,Nov 4, 2019, 9:43:38 PM,0.0,0.0,0.0,0.0,0.0,0.0,0.0,0.0,0.0,0.0,0.0,0.0,0.0,0.0,0.0,0.0,0.0,0.0,false,false,false,false
85,59.97937,Nov 4, 2019, 9:43:38 PM,0.0,0.0,0.0,0.0,0.0,0.0,0.0,0.0,0.0,0.0,0.0,0.0,0.0,0.0,0.0,0.0,0.0,0.0,false,false,false,false
85,59.811836,Nov 4, 2019, 9:43:38 PM,0.0,0.0,0.0,0.0,0.0,0.0,0.0,0.0,0.0,0.0,0.0,0.0,0.0,0.0,0.0,0.0,0.0,0.0,false,false,false,false
85,59.998798,Nov 4, 2019, 9:43:38 PM,0.0,0.0,0.0,0.0,0.0,0.0,0.0,0.0,0.0,0.0,0.0,0.0,0.0,0.0,0.0,0.0,0.0,0.0,false,false,false,false
85,59.999519,Nov 4, 2019, 9:43:38 PM,0.0,0.0,0.0,0.0,0.0,0.0,0.0,0.0,0.0,0.0,0.0,0.0,0.0,0.0,0.0,0.0,0.0,0.0,false,false,false,false
85,57.612976,Nov 4, 2019, 9:43:38 PM,0.0,0.0,0.0,0.0,0.0,0.0,0.0,0.0,0.0,0.0,0.0,0.0,0.0,0.0,0.0,0.0,0.0,0.0,false,false,false,false
85,59.785378,Nov 4, 2019, 9:43:38 PM,0.0,0.0,0.0,0.0,0.0,0.0,0.0,0.0,0.0,0.0,0.0,0.0,0.0,0.0,0.0,0.0,0.0,0.0,false,false,false,false
85,59.998074,Nov 4, 2019, 9:43:38 PM,0.0,0.0,0.0,0.0,0.0,0.0,0.0,0.0,0.0,0.0,0.0,0.0,0.0,0.0,0.0,0.0,0.0,0.0,false,false,false,false
85,59.999519,Nov 4, 2019, 9:43:38 PM,0.0,0.0,0.0,0.0,0.0,0.0,0.0,0.0,0.0,0.0,0.0,0.0,0.0,0.0,0.0,0.0,0.0,0.0,false,false,false,false
85,59.994118,Nov 4, 2019, 9:43:38 PM,0.0,0.0,0.0,0.0,0.0,0.0,0.0,0.0,0.0,0.0,0.0,0.0,0.0,0.0,0.0,0.0,0.0,0.0,false,false,false,false
85,59.998085,Nov 4, 2019, 9:43:38 PM,0.0,0.0,0.0,0.0,0.0,0.0,0.0,0.0,0.0,0.0,0.0,0.0,0.0,0.0,0.0,0.0,0.0,0.0,false,false,false,false
85,59.997723,Nov 4, 2019, 9:43:38 PM,0.0,0.0,0.0,0.0,0.0,0.0,0.0,0.0,0.0,0.0,0.0,0.0,0.0,0.0,0.0,0.0,0.0,0.0,false,false,false,false
85,59.999519,Nov 4, 2019, 9:43:38 PM,0.0,0.0,0.0,0.0,0.0,0.0,0.0,0.0,0.0,0.0,0.0,0.0,0.0,0.0,0.0,0.0,0.0,0.0,false,false,false,false
85,59.937653,Nov 4, 2019, 9:43:38 PM,0.0,0.0,0.0,0.0,0.0,0.0,0.0,0.0,0.0,0.0,0.0,0.0,0.0,0.0,0.0,0.0,0.0,0.0,false,false,false,false
85,59.830086,Nov 4, 2019, 9:43:38 PM,0.0,0.0,0.0,0.0,0.0,0.0,0.0,0.0,0.0,0.0,0.0,0.0,0.0,0.0,0.0,0.0,0.0,0.0,false,false,false,false
85,59.998085,Nov 4, 2019, 9:43:38 PM,0.0,0.0,0.0,0.0,0.0,0.0,0.0,0.0,0.0,0.0,0.0,0.0,0.0,0.0,0.0,0.0,0.0,0.0,false,false,false,false
85,59.997723,Nov 4, 2019, 9:43:38 PM,0.0,0.0,0.0,0.0,0.0,0.0,0.0,0.0,0.0,0.0,0.0,0.0,0.0,0.0,0.0,0.0,0.0,0.0,false,false,false,false
85,59.973972,Nov 4, 2019, 9:43:38 PM,0.0,0.0,0.0,0.0,0.0,0.0,0.0,0.0,0.0,0.0,0.0,0.0,0.0,0.0,0.0,0.0,0.0,0.0,false,false,false,false
85,59.998436,Nov 4, 2019, 9:43:38 PM,0.0,0.0,0.0,0.0,0.0,0.0,0.0,0.0,0.0,0.0,0.0,0.0,0.0,0.0,0.0,0.0,0.0,0.0,false,false,false,false
85,59.996277,Nov 4, 2019, 9:43:38 PM,0.0,0.0,0.0,0.0,0.0,0.0,0.0,0.0,0.0,0.0,0.0,0.0,0.0,0.0,0.0,0.0,0.0,0.0,false,false,false,false
85,59.996998,Nov 4, 2019, 9:43:38 PM,0.0,0.0,0.0,0.0,0.0,0.0,0.0,0.0,0.0,0.0,0.0,0.0,0.0,0.0,0.0,0.0,0.0,0.0,false,false,false,false
85,59.955631,Nov 4, 2019, 9:43:38 PM,0.0,0.0,0.0,0.0,0.0,0.0,0.0,0.0,0.0,0.0,0.0,0.0,0.0,0.0,0.0,0.0,0.0,0.0,false,false,false,false
85,59.788948,Nov 4, 2019, 9:43:38 PM,0.0,0.0,0.0,0.0,0.0,0.0,0.0,0.0,0.0,0.0,0.0,0.0,0.0,0.0,0.0,0.0,0.0,0.0,false,false,false,false
85,59.999519,Nov 4, 2019, 9:43:38 PM,0.0,0.0,0.0,0.0,0.0,0.0,0.0,0.0,0.0,0.0,0.0,0.0,0.0,0.0,0.0,0.0,0.0,0.0,false,false,false,false
85,51.468124,Nov 4, 2019, 9:43:38 PM,0.0,0.0,0.0,0.0,0.0,0.0,0.0,0.0,0.0,0.0,0.0,0.0,0.0,0.0,0.0,0.0,0.0,0.0,false,false,false,false
85,59.996998,Nov 4, 2019, 9:43:38 PM,0.0,0.0,0.0,0.0,0.0,0.0,0.0,0.0,0.0,0.0,0.0,0.0,0.0,0.0,0.0,0.0,0.0,0.0,false,false,false,false
85,59.999882,Nov 4, 2019, 9:43:38 PM,0.0,0.0,0.0,0.0,0.0,0.0,0.0,0.0,0.0,0.0,0.0,0.0,0.0,0.0,0.0,0.0,0.0,0.0,false,false,false,false
85,59.998085,Nov 4, 2019, 9:43:38 PM,0.0,0.0,0.0,0.0,0.0,0.0,0.0,0.0,0.0,0.0,0.0,0.0,0.0,0.0,0.0,0.0,0.0,0.0,false,false,false,false
85,59.998798,Nov 4, 2019, 9:43:38 PM,0.0,0.0,0.0,0.0,0.0,0.0,0.0,0.0,0.0,0.0,0.0,0.0,0.0,0.0,0.0,0.0,0.0,0.0,false,false,false,false
85,59.996998,Nov 4, 2019, 9:43:38 PM,0.0,0.0,0.0,0.0,0.0,0.0,0.0,0.0,0.0,0.0,0.0,0.0,0.0,0.0,0.0,0.0,0.0,0.0,false,false,false,false
85,59.998798,Nov 4, 2019, 9:43:38 PM,0.0,0.0,0.0,0.0,0.0,0.0,0.0,0.0,0.0,0.0,0.0,0.0,0.0,0.0,0.0,0.0,0.0,0.0,false,false,false,false
85,59.997723,Nov 4, 2019, 9:43:38 PM,0.0,0.0,0.0,0.0,0.0,0.0,0.0,0.0,0.0,0.0,0.0,0.0,0.0,0.0,0.0,0.0,0.0,0.0,false,false,false,false
85,59.997723,Nov 4, 2019, 9:43:38 PM,0.0,0.0,0.0,0.0,0.0,0.0,0.0,0.0,0.0,0.0,0.0,0.0,0.0,0.0,0.0,0.0,0.0,0.0,false,false,false,false
85,59.996639,Nov 4, 2019, 9:43:38 PM,0.0,0.0,0.0,0.0,0.0,0.0,0.0,0.0,0.0,0.0,0.0,0.0,0.0,0.0,0.0,0.0,0.0,0.0,false,false,false,false
85,59.999157,Nov 4, 2019, 9:43:38 PM,0.0,0.0,0.0,0.0,0.0,0.0,0.0,0.0,0.0,0.0,0.0,0.0,0.0,0.0,0.0,0.0,0.0,0.0,false,false,false,false
85,59.998085,Nov 4, 2019, 9:43:38 PM,0.0,0.0,0.0,0.0,0.0,0.0,0.0,0.0,0.0,0.0,0.0,0.0,0.0,0.0,0.0,0.0,0.0,0.0,false,false,false,false
85,59.989075,Nov 4, 2019, 9:43:38 PM,0.0,0.0,0.0,0.0,0.0,0.0,0.0,0.0,0.0,0.0,0.0,0.0,0.0,0.0,0.0,0.0,0.0,0.0,false,false,false,false
85,59.998085,Nov 4, 2019, 9:43:38 PM,0.0,0.0,0.0,0.0,0.0,0.0,0.0,0.0,0.0,0.0,0.0,0.0,0.0,0.0,0.0,0.0,0.0,0.0,false,false,false,false
85,59.997711,Nov 4, 2019, 9:43:38 PM,0.0,0.0,0.0,0.0,0.0,0.0,0.0,0.0,0.0,0.0,0.0,0.0,0.0,0.0,0.0,0.0,0.0,0.0,false,false,false,false
85,59.996651,Nov 4, 2019, 9:43:38 PM,0.0,0.0,0.0,0.0,0.0,0.0,0.0,0.0,0.0,0.0,0.0,0.0,0.0,0.0,0.0,0.0,0.0,0.0,false,false,false,false
85,59.997711,Nov 4, 2019, 9:43:38 PM,0.0,0.0,0.0,0.0,0.0,0.0,0.0,0.0,0.0,0.0,0.0,0.0,0.0,0.0,0.0,0.0,0.0,0.0,false,false,false,false
85,59.997723,Nov 4, 2019, 9:43:38 PM,0.0,0.0,0.0,0.0,0.0,0.0,0.0,0.0,0.0,0.0,0.0,0.0,0.0,0.0,0.0,0.0,0.0,0.0,false,false,false,false
85,59.998447,Nov 4, 2019, 9:43:38 PM,0.0,0.0,0.0,0.0,0.0,0.0,0.0,0.0,0.0,0.0,0.0,0.0,0.0,0.0,0.0,0.0,0.0,0.0,false,false,false,false
85,59.998798,Nov 4, 2019, 9:43:38 PM,0.0,0.0,0.0,0.0,0.0,0.0,0.0,0.0,0.0,0.0,0.0,0.0,0.0,0.0,0.0,0.0,0.0,0.0,false,false,false,false
85,59.998436,Nov 4, 2019, 9:43:38 PM,0.0,0.0,0.0,0.0,0.0,0.0,0.0,0.0,0.0,0.0,0.0,0.0,0.0,0.0,0.0,0.0,0.0,0.0,false,false,false,false
85,59.462929,Nov 4, 2019, 9:43:38 PM,0.0,0.0,0.0,0.0,0.0,0.0,0.0,0.0,0.0,0.0,0.0,0.0,0.0,0.0,0.0,0.0,0.0,0.0,false,false,false,false
85,59.945217,Nov 4, 2019, 9:43:38 PM,0.0,0.0,0.0,0.0,0.0,0.0,0.0,0.0,0.0,0.0,0.0,0.0,0.0,0.0,0.0,0.0,0.0,0.0,false,false,false,false
85,59.986206,Nov 4, 2019, 9:43:38 PM,0.0,0.0,0.0,0.0,0.0,0.0,0.0,0.0,0.0,0.0,0.0,0.0,0.0,0.0,0.0,0.0,0.0,0.0,false,false,false,false
85,59.997711,Nov 4, 2019, 9:43:38 PM,0.0,0.0,0.0,0.0,0.0,0.0,0.0,0.0,0.0,0.0,0.0,0.0,0.0,0.0,0.0,0.0,0.0,0.0,false,false,false,false
85,59.99881,Nov 4, 2019, 9:43:38 PM,0.0,0.0,0.0,0.0,0.0,0.0,0.0,0.0,0.0,0.0,0.0,0.0,0.0,0.0,0.0,0.0,0.0,0.0,false,false,false,false
85,59.993393,Nov 4, 2019, 9:43:38 PM,0.0,0.0,0.0,0.0,0.0,0.0,0.0,0.0,0.0,0.0,0.0,0.0,0.0,0.0,0.0,0.0,0.0,0.0,false,false,false,false
85,59.999882,Nov 4, 2019, 9:43:39 PM,0.0,0.0,0.0,0.0,0.0,0.0,0.0,0.0,0.0,0.0,0.0,0.0,0.0,0.0,0.0,0.0,0.0,0.0,false,false,false,false
85,59.999519,Nov 4, 2019, 9:43:39 PM,0.0,0.0,0.0,0.0,0.0,0.0,0.0,0.0,0.0,0.0,0.0,0.0,0.0,0.0,0.0,0.0,0.0,0.0,false,false,false,false
85,59.999882,Nov 4, 2019, 9:43:39 PM,0.0,0.0,0.0,0.0,0.0,0.0,0.0,0.0,0.0,0.0,0.0,0.0,0.0,0.0,0.0,0.0,0.0,0.0,false,false,false,false
85,59.996639,Nov 4, 2019, 9:43:39 PM,0.0,0.0,0.0,0.0,0.0,0.0,0.0,0.0,0.0,0.0,0.0,0.0,0.0,0.0,0.0,0.0,0.0,0.0,false,false,false,false
85,59.998436,Nov 4, 2019, 9:43:39 PM,0.0,0.0,0.0,0.0,0.0,0.0,0.0,0.0,0.0,0.0,0.0,0.0,0.0,0.0,0.0,0.0,0.0,0.0,false,false,false,false
85,59.990524,Nov 4, 2019, 9:43:39 PM,0.0,0.0,0.0,0.0,0.0,0.0,0.0,0.0,0.0,0.0,0.0,0.0,0.0,0.0,0.0,0.0,0.0,0.0,false,false,false,false
85,59.884182,Nov 4, 2019, 9:43:39 PM,0.0,0.0,0.0,0.0,0.0,0.0,0.0,0.0,0.0,0.0,0.0,0.0,0.0,0.0,0.0,0.0,0.0,0.0,false,false,false,false
85,59.999882,Nov 4, 2019, 9:43:39 PM,0.0,0.0,0.0,0.0,0.0,0.0,0.0,0.0,0.0,0.0,0.0,0.0,0.0,0.0,0.0,0.0,0.0,0.0,false,false,false,false
85,59.999519,Nov 4, 2019, 9:43:39 PM,0.0,0.0,0.0,0.0,0.0,0.0,0.0,0.0,0.0,0.0,0.0,0.0,0.0,0.0,0.0,0.0,0.0,0.0,false,false,false,false
85,59.997723,Nov 4, 2019, 9:43:39 PM,0.0,0.0,0.0,0.0,0.0,0.0,0.0,0.0,0.0,0.0,0.0,0.0,0.0,0.0,0.0,0.0,0.0,0.0,false,false,false,false
85,59.99736,Nov 4, 2019, 9:43:39 PM,0.0,0.0,0.0,0.0,0.0,0.0,0.0,0.0,0.0,0.0,0.0,0.0,0.0,0.0,0.0,0.0,0.0,0.0,false,false,false,false
85,59.978649,Nov 4, 2019, 9:43:39 PM,0.0,0.0,0.0,0.0,0.0,0.0,0.0,0.0,0.0,0.0,0.0,0.0,0.0,0.0,0.0,0.0,0.0,0.0,false,false,false,false
85,59.993046,Nov 4, 2019, 9:43:39 PM,0.0,0.0,0.0,0.0,0.0,0.0,0.0,0.0,0.0,0.0,0.0,0.0,0.0,0.0,0.0,0.0,0.0,0.0,false,false,false,false
85,57.135674,Nov 4, 2019, 9:43:39 PM,0.0,0.0,0.0,0.0,0.0,0.0,0.0,0.0,0.0,0.0,0.0,0.0,0.0,0.0,0.0,0.0,0.0,0.0,false,false,false,false
85,55.112511,Nov 4, 2019, 9:43:39 PM,0.0,0.0,0.0,0.0,0.0,0.0,0.0,0.0,0.0,0.0,0.0,0.0,0.0,0.0,0.0,0.0,0.0,0.0,false,false,false,false
85,54.904331,Nov 4, 2019, 9:43:39 PM,0.0,0.0,0.0,0.0,0.0,0.0,0.0,0.0,0.0,0.0,0.0,0.0,0.0,0.0,0.0,0.0,0.0,0.0,false,false,false,false
85,42.152294,Nov 4, 2019, 9:43:39 PM,0.0,0.0,0.0,0.0,0.0,0.0,0.0,0.0,0.0,0.0,0.0,0.0,0.0,0.0,0.0,0.0,0.0,0.0,false,false,false,false
85,59.999519,Nov 4, 2019, 9:43:39 PM,0.0,0.0,0.0,0.0,0.0,0.0,0.0,0.0,0.0,0.0,0.0,0.0,0.0,0.0,0.0,0.0,0.0,0.0,false,false,false,false
85,59.998436,Nov 4, 2019, 9:43:39 PM,0.0,0.0,0.0,0.0,0.0,0.0,0.0,0.0,0.0,0.0,0.0,0.0,0.0,0.0,0.0,0.0,0.0,0.0,false,false,false,false
85,59.997723,Nov 4, 2019, 9:43:39 PM,0.0,0.0,0.0,0.0,0.0,0.0,0.0,0.0,0.0,0.0,0.0,0.0,0.0,0.0,0.0,0.0,0.0,0.0,false,false,false,false
85,59.996277,Nov 4, 2019, 9:43:39 PM,0.0,0.0,0.0,0.0,0.0,0.0,0.0,0.0,0.0,0.0,0.0,0.0,0.0,0.0,0.0,0.0,0.0,0.0,false,false,false,false
85,59.99736,Nov 4, 2019, 9:43:39 PM,0.0,0.0,0.0,0.0,0.0,0.0,0.0,0.0,0.0,0.0,0.0,0.0,0.0,0.0,0.0,0.0,0.0,0.0,false,false,false,false
85,59.99736,Nov 4, 2019, 9:43:39 PM,0.0,0.0,0.0,0.0,0.0,0.0,0.0,0.0,0.0,0.0,0.0,0.0,0.0,0.0,0.0,0.0,0.0,0.0,false,false,false,false
85,59.999882,Nov 4, 2019, 9:43:39 PM,0.0,0.0,0.0,0.0,0.0,0.0,0.0,0.0,0.0,0.0,0.0,0.0,0.0,0.0,0.0,0.0,0.0,0.0,false,false,false,false
85,59.999882,Nov 4, 2019, 9:43:39 PM,0.0,0.0,0.0,0.0,0.0,0.0,0.0,0.0,0.0,0.0,0.0,0.0,0.0,0.0,0.0,0.0,0.0,0.0,false,false,false,false
85,59.99736,Nov 4, 2019, 9:43:39 PM,0.0,0.0,0.0,0.0,0.0,0.0,0.0,0.0,0.0,0.0,0.0,0.0,0.0,0.0,0.0,0.0,0.0,0.0,false,false,false,false
85,59.99736,Nov 4, 2019, 9:43:39 PM,0.0,0.0,0.0,0.0,0.0,0.0,0.0,0.0,0.0,0.0,0.0,0.0,0.0,0.0,0.0,0.0,0.0,0.0,false,false,false,false
85,59.999508,Nov 4, 2019, 9:43:39 PM,0.0,0.0,0.0,0.0,0.0,0.0,0.0,0.0,0.0,0.0,0.0,0.0,0.0,0.0,0.0,0.0,0.0,0.0,false,false,false,false
85,59.996998,Nov 4, 2019, 9:43:39 PM,0.0,0.0,0.0,0.0,0.0,0.0,0.0,0.0,0.0,0.0,0.0,0.0,0.0,0.0,0.0,0.0,0.0,0.0,false,false,false,false
85,59.997723,Nov 4, 2019, 9:43:39 PM,0.0,0.0,0.0,0.0,0.0,0.0,0.0,0.0,0.0,0.0,0.0,0.0,0.0,0.0,0.0,0.0,0.0,0.0,false,false,false,false
85,59.998447,Nov 4, 2019, 9:43:39 PM,0.0,0.0,0.0,0.0,0.0,0.0,0.0,0.0,0.0,0.0,0.0,0.0,0.0,0.0,0.0,0.0,0.0,0.0,false,false,false,false
85,59.996998,Nov 4, 2019, 9:43:39 PM,0.0,0.0,0.0,0.0,0.0,0.0,0.0,0.0,0.0,0.0,0.0,0.0,0.0,0.0,0.0,0.0,0.0,0.0,false,false,false,false
85,59.996639,Nov 4, 2019, 9:43:39 PM,0.0,0.0,0.0,0.0,0.0,0.0,0.0,0.0,0.0,0.0,0.0,0.0,0.0,0.0,0.0,0.0,0.0,0.0,false,false,false,false
85,59.984398,Nov 4, 2019, 9:43:39 PM,0.0,0.0,0.0,0.0,0.0,0.0,0.0,0.0,0.0,0.0,0.0,0.0,0.0,0.0,0.0,0.0,0.0,0.0,false,false,false,false
85,59.997723,Nov 4, 2019, 9:43:39 PM,0.0,0.0,0.0,0.0,0.0,0.0,0.0,0.0,0.0,0.0,0.0,0.0,0.0,0.0,0.0,0.0,0.0,0.0,false,false,false,false
85,59.947372,Nov 4, 2019, 9:43:39 PM,0.0,0.0,0.0,0.0,0.0,0.0,0.0,0.0,0.0,0.0,0.0,0.0,0.0,0.0,0.0,0.0,0.0,0.0,false,false,false,false
85,59.99736,Nov 4, 2019, 9:43:39 PM,0.0,0.0,0.0,0.0,0.0,0.0,0.0,0.0,0.0,0.0,0.0,0.0,0.0,0.0,0.0,0.0,0.0,0.0,false,false,false,false
85,59.996639,Nov 4, 2019, 9:43:39 PM,0.0,0.0,0.0,0.0,0.0,0.0,0.0,0.0,0.0,0.0,0.0,0.0,0.0,0.0,0.0,0.0,0.0,0.0,false,false,false,false
85,59.999519,Nov 4, 2019, 9:43:39 PM,0.0,0.0,0.0,0.0,0.0,0.0,0.0,0.0,0.0,0.0,0.0,0.0,0.0,0.0,0.0,0.0,0.0,0.0,false,false,false,false
85,59.999157,Nov 4, 2019, 9:43:39 PM,0.0,0.0,0.0,0.0,0.0,0.0,0.0,0.0,0.0,0.0,0.0,0.0,0.0,0.0,0.0,0.0,0.0,0.0,false,false,false,false
85,59.999157,Nov 4, 2019, 9:43:39 PM,0.0,0.0,0.0,0.0,0.0,0.0,0.0,0.0,0.0,0.0,0.0,0.0,0.0,0.0,0.0,0.0,0.0,0.0,false,false,false,false
85,59.99736,Nov 4, 2019, 9:43:39 PM,0.0,0.0,0.0,0.0,0.0,0.0,0.0,0.0,0.0,0.0,0.0,0.0,0.0,0.0,0.0,0.0,0.0,0.0,false,false,false,false
85,59.986557,Nov 4, 2019, 9:43:39 PM,0.0,0.0,0.0,0.0,0.0,0.0,0.0,0.0,0.0,0.0,0.0,0.0,0.0,0.0,0.0,0.0,0.0,0.0,false,false,false,false
85,59.999519,Nov 4, 2019, 9:43:39 PM,0.0,0.0,0.0,0.0,0.0,0.0,0.0,0.0,0.0,0.0,0.0,0.0,0.0,0.0,0.0,0.0,0.0,0.0,false,false,false,false
85,59.999519,Nov 4, 2019, 9:43:39 PM,0.0,0.0,0.0,0.0,0.0,0.0,0.0,0.0,0.0,0.0,0.0,0.0,0.0,0.0,0.0,0.0,0.0,0.0,false,false,false,false
85,59.99881,Nov 4, 2019, 9:43:39 PM,0.0,0.0,0.0,0.0,0.0,0.0,0.0,0.0,0.0,0.0,0.0,0.0,0.0,0.0,0.0,0.0,0.0,0.0,false,false,false,false
85,59.998436,Nov 4, 2019, 9:43:39 PM,0.0,0.0,0.0,0.0,0.0,0.0,0.0,0.0,0.0,0.0,0.0,0.0,0.0,0.0,0.0,0.0,0.0,0.0,false,false,false,false
85,59.997723,Nov 4, 2019, 9:43:39 PM,0.0,0.0,0.0,0.0,0.0,0.0,0.0,0.0,0.0,0.0,0.0,0.0,0.0,0.0,0.0,0.0,0.0,0.0,false,false,false,false
85,59.998436,Nov 4, 2019, 9:43:39 PM,0.0,0.0,0.0,0.0,0.0,0.0,0.0,0.0,0.0,0.0,0.0,0.0,0.0,0.0,0.0,0.0,0.0,0.0,false,false,false,false
85,59.901405,Nov 4, 2019, 9:43:39 PM,0.0,0.0,0.0,0.0,0.0,0.0,0.0,0.0,0.0,0.0,0.0,0.0,0.0,0.0,0.0,0.0,0.0,0.0,false,false,false,false
85,59.994118,Nov 4, 2019, 9:43:39 PM,0.0,0.0,0.0,0.0,0.0,0.0,0.0,0.0,0.0,0.0,0.0,0.0,0.0,0.0,0.0,0.0,0.0,0.0,false,false,false,false
85,59.996639,Nov 4, 2019, 9:43:39 PM,0.0,0.0,0.0,0.0,0.0,0.0,0.0,0.0,0.0,0.0,0.0,0.0,0.0,0.0,0.0,0.0,0.0,0.0,false,false,false,false
85,59.999157,Nov 4, 2019, 9:43:39 PM,0.0,0.0,0.0,0.0,0.0,0.0,0.0,0.0,0.0,0.0,0.0,0.0,0.0,0.0,0.0,0.0,0.0,0.0,false,false,false,false
85,59.99736,Nov 4, 2019, 9:43:39 PM,0.0,0.0,0.0,0.0,0.0,0.0,0.0,0.0,0.0,0.0,0.0,0.0,0.0,0.0,0.0,0.0,0.0,0.0,false,false,false,false
85,59.997723,Nov 4, 2019, 9:43:39 PM,0.0,0.0,0.0,0.0,0.0,0.0,0.0,0.0,0.0,0.0,0.0,0.0,0.0,0.0,0.0,0.0,0.0,0.0,false,false,false,false
85,59.998074,Nov 4, 2019, 9:43:39 PM,0.0,0.0,0.0,0.0,0.0,0.0,0.0,0.0,0.0,0.0,0.0,0.0,0.0,0.0,0.0,0.0,0.0,0.0,false,false,false,false
85,59.99736,Nov 4, 2019, 9:43:39 PM,0.0,0.0,0.0,0.0,0.0,0.0,0.0,0.0,0.0,0.0,0.0,0.0,0.0,0.0,0.0,0.0,0.0,0.0,false,false,false,false
85,55.280384,Nov 4, 2019, 9:43:39 PM,0.0,0.0,0.0,0.0,0.0,0.0,0.0,0.0,0.0,0.0,0.0,0.0,0.0,0.0,0.0,0.0,0.0,0.0,false,false,false,false
85,54.559544,Nov 4, 2019, 9:43:39 PM,0.0,0.0,0.0,0.0,0.0,0.0,0.0,0.0,0.0,0.0,0.0,0.0,0.0,0.0,0.0,0.0,0.0,0.0,false,false,false,false
85,59.721813,Nov 4, 2019, 9:43:40 PM,0.0,0.0,0.0,0.0,0.0,0.0,0.0,0.0,0.0,0.0,0.0,0.0,0.0,0.0,0.0,0.0,0.0,0.0,false,false,false,false
85,59.59441,Nov 4, 2019, 9:43:40 PM,0.0,0.0,0.0,0.0,0.0,0.0,0.0,0.0,0.0,0.0,0.0,0.0,0.0,0.0,0.0,0.0,0.0,0.0,false,false,false,false
85,59.998798,Nov 4, 2019, 9:43:40 PM,0.0,0.0,0.0,0.0,0.0,0.0,0.0,0.0,0.0,0.0,0.0,0.0,0.0,0.0,0.0,0.0,0.0,0.0,false,false,false,false
85,59.998074,Nov 4, 2019, 9:43:40 PM,0.0,0.0,0.0,0.0,0.0,0.0,0.0,0.0,0.0,0.0,0.0,0.0,0.0,0.0,0.0,0.0,0.0,0.0,false,false,false,false
85,59.999519,Nov 4, 2019, 9:43:40 PM,0.0,0.0,0.0,0.0,0.0,0.0,0.0,0.0,0.0,0.0,0.0,0.0,0.0,0.0,0.0,0.0,0.0,0.0,false,false,false,false
85,59.982254,Nov 4, 2019, 9:43:40 PM,0.0,0.0,0.0,0.0,0.0,0.0,0.0,0.0,0.0,0.0,0.0,0.0,0.0,0.0,0.0,0.0,0.0,0.0,false,false,false,false
85,59.996998,Nov 4, 2019, 9:43:40 PM,0.0,0.0,0.0,0.0,0.0,0.0,0.0,0.0,0.0,0.0,0.0,0.0,0.0,0.0,0.0,0.0,0.0,0.0,false,false,false,false
85,59.996998,Nov 4, 2019, 9:43:40 PM,0.0,0.0,0.0,0.0,0.0,0.0,0.0,0.0,0.0,0.0,0.0,0.0,0.0,0.0,0.0,0.0,0.0,0.0,false,false,false,false
85,59.99736,Nov 4, 2019, 9:43:40 PM,0.0,0.0,0.0,0.0,0.0,0.0,0.0,0.0,0.0,0.0,0.0,0.0,0.0,0.0,0.0,0.0,0.0,0.0,false,false,false,false
85,59.963535,Nov 4, 2019, 9:43:40 PM,0.0,0.0,0.0,0.0,0.0,0.0,0.0,0.0,0.0,0.0,0.0,0.0,0.0,0.0,0.0,0.0,0.0,0.0,false,false,false,false
85,59.998085,Nov 4, 2019, 9:43:40 PM,0.0,0.0,0.0,0.0,0.0,0.0,0.0,0.0,0.0,0.0,0.0,0.0,0.0,0.0,0.0,0.0,0.0,0.0,false,false,false,false
85,59.996639,Nov 4, 2019, 9:43:40 PM,0.0,0.0,0.0,0.0,0.0,0.0,0.0,0.0,0.0,0.0,0.0,0.0,0.0,0.0,0.0,0.0,0.0,0.0,false,false,false,false
85,59.996288,Nov 4, 2019, 9:43:40 PM,0.0,0.0,0.0,0.0,0.0,0.0,0.0,0.0,0.0,0.0,0.0,0.0,0.0,0.0,0.0,0.0,0.0,0.0,false,false,false,false
85,59.998798,Nov 4, 2019, 9:43:40 PM,0.0,0.0,0.0,0.0,0.0,0.0,0.0,0.0,0.0,0.0,0.0,0.0,0.0,0.0,0.0,0.0,0.0,0.0,false,false,false,false
85,53.731655,Nov 4, 2019, 9:43:40 PM,0.0,0.0,0.0,0.0,0.0,0.0,0.0,0.0,0.0,0.0,0.0,0.0,0.0,0.0,0.0,0.0,0.0,0.0,false,false,false,false
85,59.998447,Nov 4, 2019, 9:43:40 PM,0.0,0.0,0.0,0.0,0.0,0.0,0.0,0.0,0.0,0.0,0.0,0.0,0.0,0.0,0.0,0.0,0.0,0.0,false,false,false,false
85,59.984398,Nov 4, 2019, 9:43:40 PM,0.0,0.0,0.0,0.0,0.0,0.0,0.0,0.0,0.0,0.0,0.0,0.0,0.0,0.0,0.0,0.0,0.0,0.0,false,false,false,false
85,59.997723,Nov 4, 2019, 9:43:40 PM,0.0,0.0,0.0,0.0,0.0,0.0,0.0,0.0,0.0,0.0,0.0,0.0,0.0,0.0,0.0,0.0,0.0,0.0,false,false,false,false
85,59.996639,Nov 4, 2019, 9:43:40 PM,0.0,0.0,0.0,0.0,0.0,0.0,0.0,0.0,0.0,0.0,0.0,0.0,0.0,0.0,0.0,0.0,0.0,0.0,false,false,false,false
85,59.999157,Nov 4, 2019, 9:43:40 PM,0.0,0.0,0.0,0.0,0.0,0.0,0.0,0.0,0.0,0.0,0.0,0.0,0.0,0.0,0.0,0.0,0.0,0.0,false,false,false,false
85,59.999172,Nov 4, 2019, 9:43:40 PM,0.0,0.0,0.0,0.0,0.0,0.0,0.0,0.0,0.0,0.0,0.0,0.0,0.0,0.0,0.0,0.0,0.0,0.0,false,false,false,false
85,59.98764,Nov 4, 2019, 9:43:40 PM,0.0,0.0,0.0,0.0,0.0,0.0,0.0,0.0,0.0,0.0,0.0,0.0,0.0,0.0,0.0,0.0,0.0,0.0,false,false,false,false
85,59.998436,Nov 4, 2019, 9:43:40 PM,0.0,0.0,0.0,0.0,0.0,0.0,0.0,0.0,0.0,0.0,0.0,0.0,0.0,0.0,0.0,0.0,0.0,0.0,false,false,false,false
85,59.946648,Nov 4, 2019, 9:43:40 PM,0.0,0.0,0.0,0.0,0.0,0.0,0.0,0.0,0.0,0.0,0.0,0.0,0.0,0.0,0.0,0.0,0.0,0.0,false,false,false,false
85,59.997723,Nov 4, 2019, 9:43:40 PM,0.0,0.0,0.0,0.0,0.0,0.0,0.0,0.0,0.0,0.0,0.0,0.0,0.0,0.0,0.0,0.0,0.0,0.0,false,false,false,false
85,59.996639,Nov 4, 2019, 9:43:40 PM,0.0,0.0,0.0,0.0,0.0,0.0,0.0,0.0,0.0,0.0,0.0,0.0,0.0,0.0,0.0,0.0,0.0,0.0,false,false,false,false
85,59.997723,Nov 4, 2019, 9:43:40 PM,0.0,0.0,0.0,0.0,0.0,0.0,0.0,0.0,0.0,0.0,0.0,0.0,0.0,0.0,0.0,0.0,0.0,0.0,false,false,false,false
85,59.996639,Nov 4, 2019, 9:43:40 PM,0.0,0.0,0.0,0.0,0.0,0.0,0.0,0.0,0.0,0.0,0.0,0.0,0.0,0.0,0.0,0.0,0.0,0.0,false,false,false,false
85,59.996639,Nov 4, 2019, 9:43:40 PM,0.0,0.0,0.0,0.0,0.0,0.0,0.0,0.0,0.0,0.0,0.0,0.0,0.0,0.0,0.0,0.0,0.0,0.0,false,false,false,false
85,59.99736,Nov 4, 2019, 9:43:40 PM,0.0,0.0,0.0,0.0,0.0,0.0,0.0,0.0,0.0,0.0,0.0,0.0,0.0,0.0,0.0,0.0,0.0,0.0,false,false,false,false
85,59.998436,Nov 4, 2019, 9:43:40 PM,0.0,0.0,0.0,0.0,0.0,0.0,0.0,0.0,0.0,0.0,0.0,0.0,0.0,0.0,0.0,0.0,0.0,0.0,false,false,false,false
85,59.99881,Nov 4, 2019, 9:43:40 PM,0.0,0.0,0.0,0.0,0.0,0.0,0.0,0.0,0.0,0.0,0.0,0.0,0.0,0.0,0.0,0.0,0.0,0.0,false,false,false,false
85,59.997711,Nov 4, 2019, 9:43:40 PM,0.0,0.0,0.0,0.0,0.0,0.0,0.0,0.0,0.0,0.0,0.0,0.0,0.0,0.0,0.0,0.0,0.0,0.0,false,false,false,false
85,59.999157,Nov 4, 2019, 9:43:40 PM,0.0,0.0,0.0,0.0,0.0,0.0,0.0,0.0,0.0,0.0,0.0,0.0,0.0,0.0,0.0,0.0,0.0,0.0,false,false,false,false
85,59.963184,Nov 4, 2019, 9:43:40 PM,0.0,0.0,0.0,0.0,0.0,0.0,0.0,0.0,0.0,0.0,0.0,0.0,0.0,0.0,0.0,0.0,0.0,0.0,false,false,false,false
85,59.559265,Nov 4, 2019, 9:43:40 PM,0.0,0.0,0.0,0.0,0.0,0.0,0.0,0.0,0.0,0.0,0.0,0.0,0.0,0.0,0.0,0.0,0.0,0.0,false,false,false,false
85,59.94413,Nov 4, 2019, 9:43:40 PM,0.0,0.0,0.0,0.0,0.0,0.0,0.0,0.0,0.0,0.0,0.0,0.0,0.0,0.0,0.0,0.0,0.0,0.0,false,false,false,false
85,59.996277,Nov 4, 2019, 9:43:40 PM,0.0,0.0,0.0,0.0,0.0,0.0,0.0,0.0,0.0,0.0,0.0,0.0,0.0,0.0,0.0,0.0,0.0,0.0,false,false,false,false
85,59.996639,Nov 4, 2019, 9:43:40 PM,0.0,0.0,0.0,0.0,0.0,0.0,0.0,0.0,0.0,0.0,0.0,0.0,0.0,0.0,0.0,0.0,0.0,0.0,false,false,false,false
85,59.996998,Nov 4, 2019, 9:43:40 PM,0.0,0.0,0.0,0.0,0.0,0.0,0.0,0.0,0.0,0.0,0.0,0.0,0.0,0.0,0.0,0.0,0.0,0.0,false,false,false,false
85,59.997723,Nov 4, 2019, 9:43:40 PM,0.0,0.0,0.0,0.0,0.0,0.0,0.0,0.0,0.0,0.0,0.0,0.0,0.0,0.0,0.0,0.0,0.0,0.0,false,false,false,false
85,59.991249,Nov 4, 2019, 9:43:40 PM,0.0,0.0,0.0,0.0,0.0,0.0,0.0,0.0,0.0,0.0,0.0,0.0,0.0,0.0,0.0,0.0,0.0,0.0,false,false,false,false
85,59.996277,Nov 4, 2019, 9:43:40 PM,0.0,0.0,0.0,0.0,0.0,0.0,0.0,0.0,0.0,0.0,0.0,0.0,0.0,0.0,0.0,0.0,0.0,0.0,false,false,false,false
85,59.999157,Nov 4, 2019, 9:43:40 PM,0.0,0.0,0.0,0.0,0.0,0.0,0.0,0.0,0.0,0.0,0.0,0.0,0.0,0.0,0.0,0.0,0.0,0.0,false,false,false,false
85,59.998085,Nov 4, 2019, 9:43:40 PM,0.0,0.0,0.0,0.0,0.0,0.0,0.0,0.0,0.0,0.0,0.0,0.0,0.0,0.0,0.0,0.0,0.0,0.0,false,false,false,false
