ID,FPS,TimeStamp,PlayerHead_X,PlayerHead_Y,PlayerHead_Z,PlayerHeadRot_X,PlayerHeadRot_Y,PlayerHeadRot_Z,PlayerHandRightPos_X,PlayerHandRightPos_Y,PlayerHandRightPos_Z,PlayerHandRightRot_X,PlayerHandRightRot_Y,PlayerHandRightRot_Z,PlayerHandLeftPos_X,PlayerHandLeftPos_Y,PlayerHandLeftPos_Z,PlayerHandLeftRot_X,PlayerHandLeftRot_Y,PlayerHandLeftRot_Z,HasPickedUpDrawTool,HasPaintedWall,HasPressedVRButton,HasCompletedTutorial
2,85.205002,Nov 6, 2019, 11:06:37 AM,0.0,0.0,0.0,0.0,0.0,0.0,0.0,0.0,0.0,0.0,0.0,0.0,0.0,0.0,0.0,0.0,0.0,0.0,false,false,false,false
2,5.295281,Nov 6, 2019, 11:06:37 AM,-21220.703125,6563.286133,-6857.932617,0.0,0.0,88.75042,-21220.703125,6563.286133,-6857.932617,0.0,0.0,88.75042,-21220.703125,6563.286133,-6857.932617,0.0,0.0,88.75042,false,false,false,false
2,51.500198,Nov 6, 2019, 11:06:37 AM,-21220.703125,6563.286133,-6857.932617,0.0,0.0,88.75042,-21220.703125,6563.286133,-6857.932617,0.0,0.0,88.75042,-21220.703125,6563.286133,-6857.932617,0.0,0.0,88.75042,false,false,false,false
2,58.820072,Nov 6, 2019, 11:06:38 AM,-21220.703125,6563.286133,-6857.932617,0.0,0.0,88.75042,-21220.703125,6563.286133,-6857.932617,0.0,0.0,88.75042,-21220.703125,6563.286133,-6857.932617,0.0,0.0,88.75042,false,false,false,false
2,33.793259,Nov 6, 2019, 11:06:38 AM,-21220.703125,6563.286133,-6857.932617,0.0,0.0,88.75042,-21220.703125,6563.286133,-6857.932617,0.0,0.0,88.75042,-21220.703125,6563.286133,-6857.932617,0.0,0.0,88.75042,false,false,false,false
2,65.232437,Nov 6, 2019, 11:06:38 AM,-21220.703125,6563.286133,-6857.932617,0.0,0.0,88.75042,-21220.703125,6563.286133,-6857.932617,0.0,0.0,88.75042,-21220.703125,6563.286133,-6857.932617,0.0,0.0,88.75042,false,false,false,false
2,61.154217,Nov 6, 2019, 11:06:38 AM,-21220.703125,6563.286133,-6857.932617,0.0,0.0,88.75042,-21220.703125,6563.286133,-6857.932617,0.0,0.0,88.75042,-21220.703125,6563.286133,-6857.932617,0.0,0.0,88.75042,false,false,false,false
2,61.561565,Nov 6, 2019, 11:06:38 AM,-21220.703125,6563.286133,-6857.932617,0.0,0.0,88.75042,-21220.703125,6563.286133,-6857.932617,0.0,0.0,88.75042,-21220.703125,6563.286133,-6857.932617,0.0,0.0,88.75042,false,false,false,false
2,58.764767,Nov 6, 2019, 11:06:38 AM,-21220.703125,6563.286133,-6857.932617,0.0,0.0,88.75042,-21220.703125,6563.286133,-6857.932617,0.0,0.0,88.75042,-21220.703125,6563.286133,-6857.932617,0.0,0.0,88.75042,false,false,false,false
2,58.563793,Nov 6, 2019, 11:06:38 AM,-21220.703125,6563.286133,-6857.932617,0.0,0.0,88.75042,-21220.703125,6563.286133,-6857.932617,0.0,0.0,88.75042,-21220.703125,6563.286133,-6857.932617,0.0,0.0,88.75042,false,false,false,false
2,66.698235,Nov 6, 2019, 11:06:38 AM,-21220.703125,6563.286133,-6857.932617,0.0,0.0,88.75042,-21220.703125,6563.286133,-6857.932617,0.0,0.0,88.75042,-21220.703125,6563.286133,-6857.932617,0.0,0.0,88.75042,false,false,false,false
2,56.749176,Nov 6, 2019, 11:06:38 AM,-21220.703125,6563.286133,-6857.932617,0.0,0.0,88.75042,-21220.703125,6563.286133,-6857.932617,0.0,0.0,88.75042,-21220.703125,6563.286133,-6857.932617,0.0,0.0,88.75042,false,false,false,false
2,66.798485,Nov 6, 2019, 11:06:38 AM,-21220.703125,6563.286133,-6857.932617,0.0,0.0,88.75042,-21220.703125,6563.286133,-6857.932617,0.0,0.0,88.75042,-21220.703125,6563.286133,-6857.932617,0.0,0.0,88.75042,false,false,false,false
2,57.743713,Nov 6, 2019, 11:06:38 AM,-21220.703125,6563.286133,-6857.932617,0.0,0.0,88.75042,-21220.703125,6563.286133,-6857.932617,0.0,0.0,88.75042,-21220.703125,6563.286133,-6857.932617,0.0,0.0,88.75042,false,false,false,false
2,57.027184,Nov 6, 2019, 11:06:38 AM,-21220.703125,6563.286133,-6857.932617,0.0,0.0,88.75042,-21220.703125,6563.286133,-6857.932617,0.0,0.0,88.75042,-21220.703125,6563.286133,-6857.932617,0.0,0.0,88.75042,false,false,false,false
2,57.831207,Nov 6, 2019, 11:06:38 AM,-21220.703125,6563.286133,-6857.932617,0.0,0.0,88.75042,-21220.703125,6563.286133,-6857.932617,0.0,0.0,88.75042,-21220.703125,6563.286133,-6857.932617,0.0,0.0,88.75042,false,false,false,false
2,59.191212,Nov 6, 2019, 11:06:38 AM,-21220.703125,6563.286133,-6857.932617,0.0,0.0,88.75042,-21220.703125,6563.286133,-6857.932617,0.0,0.0,88.75042,-21220.703125,6563.286133,-6857.932617,0.0,0.0,88.75042,false,false,false,false
2,59.544361,Nov 6, 2019, 11:06:38 AM,-21220.703125,6563.286133,-6857.932617,0.0,0.0,88.75042,-21220.703125,6563.286133,-6857.932617,0.0,0.0,88.75042,-21220.703125,6563.286133,-6857.932617,0.0,0.0,88.75042,false,false,false,false
2,69.97364,Nov 6, 2019, 11:06:38 AM,-21220.703125,6563.286133,-6857.932617,0.0,0.0,88.75042,-21220.703125,6563.286133,-6857.932617,0.0,0.0,88.75042,-21220.703125,6563.286133,-6857.932617,0.0,0.0,88.75042,false,false,false,false
2,59.669071,Nov 6, 2019, 11:06:38 AM,-21220.703125,6563.286133,-6857.932617,0.0,0.0,88.75042,-21220.703125,6563.286133,-6857.932617,0.0,0.0,88.75042,-21220.703125,6563.286133,-6857.932617,0.0,0.0,88.75042,false,false,false,false
2,57.239342,Nov 6, 2019, 11:06:38 AM,-21220.703125,6563.286133,-6857.932617,0.0,0.0,88.75042,-21220.703125,6563.286133,-6857.932617,0.0,0.0,88.75042,-21220.703125,6563.286133,-6857.932617,0.0,0.0,88.75042,false,false,false,false
2,59.891716,Nov 6, 2019, 11:06:38 AM,-21220.703125,6563.286133,-6857.932617,0.0,0.0,88.75042,-21220.703125,6563.286133,-6857.932617,0.0,0.0,88.75042,-21220.703125,6563.286133,-6857.932617,0.0,0.0,88.75042,false,false,false,false
2,59.246616,Nov 6, 2019, 11:06:38 AM,-21220.703125,6563.286133,-6857.932617,0.0,0.0,88.75042,-21220.703125,6563.286133,-6857.932617,0.0,0.0,88.75042,-21220.703125,6563.286133,-6857.932617,0.0,0.0,88.75042,false,false,false,false
2,58.175732,Nov 6, 2019, 11:06:38 AM,-21220.703125,6563.286133,-6857.932617,0.0,0.0,88.75042,-21220.703125,6563.286133,-6857.932617,0.0,0.0,88.75042,-21220.703125,6563.286133,-6857.932617,0.0,0.0,88.75042,false,false,false,false
2,54.830269,Nov 6, 2019, 11:06:38 AM,-21220.703125,6563.286133,-6857.932617,0.0,0.0,88.75042,-21220.703125,6563.286133,-6857.932617,0.0,0.0,88.75042,-21220.703125,6563.286133,-6857.932617,0.0,0.0,88.75042,false,false,false,false
2,65.260094,Nov 6, 2019, 11:06:38 AM,-21220.703125,6563.286133,-6857.932617,0.0,0.0,88.75042,-21220.703125,6563.286133,-6857.932617,0.0,0.0,88.75042,-21220.703125,6563.286133,-6857.932617,0.0,0.0,88.75042,false,false,false,false
2,59.198574,Nov 6, 2019, 11:06:38 AM,-21220.703125,6563.286133,-6857.932617,0.0,0.0,88.75042,-21220.703125,6563.286133,-6857.932617,0.0,0.0,88.75042,-21220.703125,6563.286133,-6857.932617,0.0,0.0,88.75042,false,false,false,false
2,63.518677,Nov 6, 2019, 11:06:38 AM,-21220.703125,6563.286133,-6857.932617,0.0,0.0,88.75042,-21220.703125,6563.286133,-6857.932617,0.0,0.0,88.75042,-21220.703125,6563.286133,-6857.932617,0.0,0.0,88.75042,false,false,false,false
2,58.839798,Nov 6, 2019, 11:06:38 AM,-21220.703125,6563.286133,-6857.932617,0.0,0.0,88.75042,-21220.703125,6563.286133,-6857.932617,0.0,0.0,88.75042,-21220.703125,6563.286133,-6857.932617,0.0,0.0,88.75042,false,false,false,false
2,58.740952,Nov 6, 2019, 11:06:38 AM,-21220.703125,6563.286133,-6857.932617,0.0,0.0,88.75042,-21220.703125,6563.286133,-6857.932617,0.0,0.0,88.75042,-21220.703125,6563.286133,-6857.932617,0.0,0.0,88.75042,false,false,false,false
2,58.912941,Nov 6, 2019, 11:06:38 AM,-21220.703125,6563.286133,-6857.932617,0.0,0.0,88.75042,-21220.703125,6563.286133,-6857.932617,0.0,0.0,88.75042,-21220.703125,6563.286133,-6857.932617,0.0,0.0,88.75042,false,false,false,false
2,59.813622,Nov 6, 2019, 11:06:38 AM,-21220.703125,6563.286133,-6857.932617,0.0,0.0,88.75042,-21220.703125,6563.286133,-6857.932617,0.0,0.0,88.75042,-21220.703125,6563.286133,-6857.932617,0.0,0.0,88.75042,false,false,false,false
2,59.982601,Nov 6, 2019, 11:06:38 AM,-21220.703125,6563.286133,-6857.932617,0.0,0.0,88.75042,-21220.703125,6563.286133,-6857.932617,0.0,0.0,88.75042,-21220.703125,6563.286133,-6857.932617,0.0,0.0,88.75042,false,false,false,false
2,58.37439,Nov 6, 2019, 11:06:38 AM,-21220.703125,6563.286133,-6857.932617,0.0,0.0,88.75042,-21220.703125,6563.286133,-6857.932617,0.0,0.0,88.75042,-21220.703125,6563.286133,-6857.932617,0.0,0.0,88.75042,false,false,false,false
2,60.599438,Nov 6, 2019, 11:06:38 AM,-21220.703125,6563.286133,-6857.932617,0.0,0.0,88.75042,-21220.703125,6563.286133,-6857.932617,0.0,0.0,88.75042,-21220.703125,6563.286133,-6857.932617,0.0,0.0,88.75042,false,false,false,false
2,54.511955,Nov 6, 2019, 11:06:38 AM,-21220.703125,6563.286133,-6857.932617,0.0,0.0,88.75042,-21220.703125,6563.286133,-6857.932617,0.0,0.0,88.75042,-21220.703125,6563.286133,-6857.932617,0.0,0.0,88.75042,false,false,false,false
2,19.872459,Nov 6, 2019, 11:06:38 AM,-21220.703125,6563.286133,-6857.932617,0.0,0.0,88.75042,-21220.703125,6563.286133,-6857.932617,0.0,0.0,88.75042,-21220.703125,6563.286133,-6857.932617,0.0,0.0,88.75042,false,false,false,false
2,63.304352,Nov 6, 2019, 11:06:38 AM,-21220.703125,6563.286133,-6857.932617,0.0,0.0,88.75042,-21220.703125,6563.286133,-6857.932617,0.0,0.0,88.75042,-21220.703125,6563.286133,-6857.932617,0.0,0.0,88.75042,false,false,false,false
2,54.536629,Nov 6, 2019, 11:06:38 AM,-21220.703125,6563.286133,-6857.932617,0.0,0.0,88.75042,-21220.703125,6563.286133,-6857.932617,0.0,0.0,88.75042,-21220.703125,6563.286133,-6857.932617,0.0,0.0,88.75042,false,false,false,false
2,60.975243,Nov 6, 2019, 11:06:38 AM,-21220.703125,6563.286133,-6857.932617,0.0,0.0,88.75042,-21220.703125,6563.286133,-6857.932617,0.0,0.0,88.75042,-21220.703125,6563.286133,-6857.932617,0.0,0.0,88.75042,false,false,false,false
2,60.360962,Nov 6, 2019, 11:06:38 AM,-21220.703125,6563.286133,-6857.932617,0.0,0.0,88.75042,-21220.703125,6563.286133,-6857.932617,0.0,0.0,88.75042,-21220.703125,6563.286133,-6857.932617,0.0,0.0,88.75042,false,false,false,false
2,60.72604,Nov 6, 2019, 11:06:38 AM,-21220.703125,6563.286133,-6857.932617,0.0,0.0,88.75042,-21220.703125,6563.286133,-6857.932617,0.0,0.0,88.75042,-21220.703125,6563.286133,-6857.932617,0.0,0.0,88.75042,false,false,false,false
2,61.530128,Nov 6, 2019, 11:06:38 AM,-21220.703125,6563.286133,-6857.932617,0.0,0.0,88.75042,-21220.703125,6563.286133,-6857.932617,0.0,0.0,88.75042,-21220.703125,6563.286133,-6857.932617,0.0,0.0,88.75042,false,false,false,false
2,59.308819,Nov 6, 2019, 11:06:38 AM,-21220.703125,6563.286133,-6857.932617,0.0,0.0,88.75042,-21220.703125,6563.286133,-6857.932617,0.0,0.0,88.75042,-21220.703125,6563.286133,-6857.932617,0.0,0.0,88.75042,false,false,false,false
2,60.110958,Nov 6, 2019, 11:06:38 AM,-21220.703125,6563.286133,-6857.932617,0.0,0.0,88.75042,-21220.703125,6563.286133,-6857.932617,0.0,0.0,88.75042,-21220.703125,6563.286133,-6857.932617,0.0,0.0,88.75042,false,false,false,false
2,60.813194,Nov 6, 2019, 11:06:38 AM,-21220.703125,6563.286133,-6857.932617,0.0,0.0,88.75042,-21220.703125,6563.286133,-6857.932617,0.0,0.0,88.75042,-21220.703125,6563.286133,-6857.932617,0.0,0.0,88.75042,false,false,false,false
2,59.954559,Nov 6, 2019, 11:06:38 AM,-21220.703125,6563.286133,-6857.932617,0.0,0.0,88.75042,-21220.703125,6563.286133,-6857.932617,0.0,0.0,88.75042,-21220.703125,6563.286133,-6857.932617,0.0,0.0,88.75042,false,false,false,false
2,60.767365,Nov 6, 2019, 11:06:38 AM,-21220.703125,6563.286133,-6857.932617,0.0,0.0,88.75042,-21220.703125,6563.286133,-6857.932617,0.0,0.0,88.75042,-21220.703125,6563.286133,-6857.932617,0.0,0.0,88.75042,false,false,false,false
2,60.694351,Nov 6, 2019, 11:06:38 AM,-21220.703125,6563.286133,-6857.932617,0.0,0.0,88.75042,-21220.703125,6563.286133,-6857.932617,0.0,0.0,88.75042,-21220.703125,6563.286133,-6857.932617,0.0,0.0,88.75042,false,false,false,false
2,59.070232,Nov 6, 2019, 11:06:38 AM,-21220.703125,6563.286133,-6857.932617,0.0,0.0,88.75042,-21220.703125,6563.286133,-6857.932617,0.0,0.0,88.75042,-21220.703125,6563.286133,-6857.932617,0.0,0.0,88.75042,false,false,false,false
2,57.731716,Nov 6, 2019, 11:06:38 AM,-21220.703125,6563.286133,-6857.932617,0.0,0.0,88.75042,-21220.703125,6563.286133,-6857.932617,0.0,0.0,88.75042,-21220.703125,6563.286133,-6857.932617,0.0,0.0,88.75042,false,false,false,false
2,59.69508,Nov 6, 2019, 11:06:38 AM,-21220.703125,6563.286133,-6857.932617,0.0,0.0,88.75042,-21220.703125,6563.286133,-6857.932617,0.0,0.0,88.75042,-21220.703125,6563.286133,-6857.932617,0.0,0.0,88.75042,false,false,false,false
2,60.269646,Nov 6, 2019, 11:06:38 AM,-21220.703125,6563.286133,-6857.932617,0.0,0.0,88.75042,-21220.703125,6563.286133,-6857.932617,0.0,0.0,88.75042,-21220.703125,6563.286133,-6857.932617,0.0,0.0,88.75042,false,false,false,false
2,58.793789,Nov 6, 2019, 11:06:38 AM,-21220.703125,6563.286133,-6857.932617,0.0,0.0,88.75042,-21220.703125,6563.286133,-6857.932617,0.0,0.0,88.75042,-21220.703125,6563.286133,-6857.932617,0.0,0.0,88.75042,false,false,false,false
2,60.605324,Nov 6, 2019, 11:06:38 AM,-21220.703125,6563.286133,-6857.932617,0.0,0.0,88.75042,-21220.703125,6563.286133,-6857.932617,0.0,0.0,88.75042,-21220.703125,6563.286133,-6857.932617,0.0,0.0,88.75042,false,false,false,false
2,60.121807,Nov 6, 2019, 11:06:38 AM,-21220.703125,6563.286133,-6857.932617,0.0,0.0,88.75042,-21220.703125,6563.286133,-6857.932617,0.0,0.0,88.75042,-21220.703125,6563.286133,-6857.932617,0.0,0.0,88.75042,false,false,false,false
2,58.871323,Nov 6, 2019, 11:06:38 AM,-21220.703125,6563.286133,-6857.932617,0.0,0.0,88.75042,-21220.703125,6563.286133,-6857.932617,0.0,0.0,88.75042,-21220.703125,6563.286133,-6857.932617,0.0,0.0,88.75042,false,false,false,false
2,59.500069,Nov 6, 2019, 11:06:38 AM,-21220.703125,6563.286133,-6857.932617,0.0,0.0,88.75042,-21220.703125,6563.286133,-6857.932617,0.0,0.0,88.75042,-21220.703125,6563.286133,-6857.932617,0.0,0.0,88.75042,false,false,false,false
2,60.488396,Nov 6, 2019, 11:06:38 AM,-21220.703125,6563.286133,-6857.932617,0.0,0.0,88.75042,-21220.703125,6563.286133,-6857.932617,0.0,0.0,88.75042,-21220.703125,6563.286133,-6857.932617,0.0,0.0,88.75042,false,false,false,false
2,57.799118,Nov 6, 2019, 11:06:38 AM,-21220.703125,6563.286133,-6857.932617,0.0,0.0,88.75042,-21220.703125,6563.286133,-6857.932617,0.0,0.0,88.75042,-21220.703125,6563.286133,-6857.932617,0.0,0.0,88.75042,false,false,false,false
2,60.416023,Nov 6, 2019, 11:06:39 AM,-21220.703125,6563.286133,-6857.932617,0.0,0.0,88.75042,-21220.703125,6563.286133,-6857.932617,0.0,0.0,88.75042,-21220.703125,6563.286133,-6857.932617,0.0,0.0,88.75042,false,false,false,false
2,33.44001,Nov 6, 2019, 11:06:39 AM,-21220.703125,6563.286133,-6857.932617,0.0,0.0,88.75042,-21220.703125,6563.286133,-6857.932617,0.0,0.0,88.75042,-21220.703125,6563.286133,-6857.932617,0.0,0.0,88.75042,false,false,false,false
2,55.591076,Nov 6, 2019, 11:06:39 AM,-21220.703125,6563.286133,-6857.932617,0.0,0.0,88.75042,-21220.703125,6563.286133,-6857.932617,0.0,0.0,88.75042,-21220.703125,6563.286133,-6857.932617,0.0,0.0,88.75042,false,false,false,false
2,66.401062,Nov 6, 2019, 11:06:39 AM,-21220.703125,6563.286133,-6857.932617,0.0,0.0,88.75042,-21220.703125,6563.286133,-6857.932617,0.0,0.0,88.75042,-21220.703125,6563.286133,-6857.932617,0.0,0.0,88.75042,false,false,false,false
2,60.169189,Nov 6, 2019, 11:06:39 AM,-21220.703125,6563.286133,-6857.932617,0.0,0.0,88.75042,-21220.703125,6563.286133,-6857.932617,0.0,0.0,88.75042,-21220.703125,6563.286133,-6857.932617,0.0,0.0,88.75042,false,false,false,false
2,60.714615,Nov 6, 2019, 11:06:39 AM,-21220.703125,6563.286133,-6857.932617,0.0,0.0,88.75042,-21220.703125,6563.286133,-6857.932617,0.0,0.0,88.75042,-21220.703125,6563.286133,-6857.932617,0.0,0.0,88.75042,false,false,false,false
2,59.05872,Nov 6, 2019, 11:06:39 AM,-21220.703125,6563.286133,-6857.932617,0.0,0.0,88.75042,-21220.703125,6563.286133,-6857.932617,0.0,0.0,88.75042,-21220.703125,6563.286133,-6857.932617,0.0,0.0,88.75042,false,false,false,false
2,60.351124,Nov 6, 2019, 11:06:39 AM,-21220.703125,6563.286133,-6857.932617,0.0,0.0,88.75042,-21220.703125,6563.286133,-6857.932617,0.0,0.0,88.75042,-21220.703125,6563.286133,-6857.932617,0.0,0.0,88.75042,false,false,false,false
2,58.744061,Nov 6, 2019, 11:06:39 AM,-21220.703125,6563.286133,-6857.932617,0.0,0.0,88.75042,-21220.703125,6563.286133,-6857.932617,0.0,0.0,88.75042,-21220.703125,6563.286133,-6857.932617,0.0,0.0,88.75042,false,false,false,false
2,59.151299,Nov 6, 2019, 11:06:39 AM,-21220.703125,6563.286133,-6857.932617,0.0,0.0,88.75042,-21220.703125,6563.286133,-6857.932617,0.0,0.0,88.75042,-21220.703125,6563.286133,-6857.932617,0.0,0.0,88.75042,false,false,false,false
2,59.654114,Nov 6, 2019, 11:06:39 AM,-21220.703125,6563.286133,-6857.932617,0.0,0.0,88.75042,-21220.703125,6563.286133,-6857.932617,0.0,0.0,88.75042,-21220.703125,6563.286133,-6857.932617,0.0,0.0,88.75042,false,false,false,false
2,66.628029,Nov 6, 2019, 11:06:39 AM,-21220.703125,6563.286133,-6857.932617,0.0,0.0,88.75042,-21220.703125,6563.286133,-6857.932617,0.0,0.0,88.75042,-21220.703125,6563.286133,-6857.932617,0.0,0.0,88.75042,false,false,false,false
2,58.38018,Nov 6, 2019, 11:06:39 AM,-21220.703125,6563.286133,-6857.932617,0.0,0.0,88.75042,-21220.703125,6563.286133,-6857.932617,0.0,0.0,88.75042,-21220.703125,6563.286133,-6857.932617,0.0,0.0,88.75042,false,false,false,false
2,58.49836,Nov 6, 2019, 11:06:39 AM,-21220.703125,6563.286133,-6857.932617,0.0,0.0,88.75042,-21220.703125,6563.286133,-6857.932617,0.0,0.0,88.75042,-21220.703125,6563.286133,-6857.932617,0.0,0.0,88.75042,false,false,false,false
2,52.194241,Nov 6, 2019, 11:06:39 AM,-21220.703125,6563.286133,-6857.932617,0.0,0.0,88.75042,-21220.703125,6563.286133,-6857.932617,0.0,0.0,88.75042,-21220.703125,6563.286133,-6857.932617,0.0,0.0,88.75042,false,false,false,false
2,68.64077,Nov 6, 2019, 11:06:39 AM,-21220.703125,6563.286133,-6857.932617,0.0,0.0,88.75042,-21220.703125,6563.286133,-6857.932617,0.0,0.0,88.75042,-21220.703125,6563.286133,-6857.932617,0.0,0.0,88.75042,false,false,false,false
2,59.987278,Nov 6, 2019, 11:06:39 AM,-21220.703125,6563.286133,-6857.932617,0.0,0.0,88.75042,-21220.703125,6563.286133,-6857.932617,0.0,0.0,88.75042,-21220.703125,6563.286133,-6857.932617,0.0,0.0,88.75042,false,false,false,false
2,60.643921,Nov 6, 2019, 11:06:39 AM,-21220.703125,6563.286133,-6857.932617,0.0,0.0,88.75042,-21220.703125,6563.286133,-6857.932617,0.0,0.0,88.75042,-21220.703125,6563.286133,-6857.932617,0.0,0.0,88.75042,false,false,false,false
2,67.367744,Nov 6, 2019, 11:06:39 AM,-21220.703125,6563.286133,-6857.932617,0.0,0.0,88.75042,-21220.703125,6563.286133,-6857.932617,0.0,0.0,88.75042,-21220.703125,6563.286133,-6857.932617,0.0,0.0,88.75042,false,false,false,false
2,59.456211,Nov 6, 2019, 11:06:39 AM,-21220.703125,6563.286133,-6857.932617,0.0,0.0,88.75042,-21220.703125,6563.286133,-6857.932617,0.0,0.0,88.75042,-21220.703125,6563.286133,-6857.932617,0.0,0.0,88.75042,false,false,false,false
2,58.111832,Nov 6, 2019, 11:06:39 AM,-21220.703125,6563.286133,-6857.932617,0.0,0.0,88.75042,-21220.703125,6563.286133,-6857.932617,0.0,0.0,88.75042,-21220.703125,6563.286133,-6857.932617,0.0,0.0,88.75042,false,false,false,false
2,58.320606,Nov 6, 2019, 11:06:39 AM,-21220.703125,6563.286133,-6857.932617,0.0,0.0,88.75042,-21220.703125,6563.286133,-6857.932617,0.0,0.0,88.75042,-21220.703125,6563.286133,-6857.932617,0.0,0.0,88.75042,false,false,false,false
2,53.937435,Nov 6, 2019, 11:06:39 AM,-21220.703125,6563.286133,-6857.932617,0.0,0.0,88.75042,-21220.703125,6563.286133,-6857.932617,0.0,0.0,88.75042,-21220.703125,6563.286133,-6857.932617,0.0,0.0,88.75042,false,false,false,false
2,67.278458,Nov 6, 2019, 11:06:39 AM,-21220.703125,6563.286133,-6857.932617,0.0,0.0,88.75042,-21220.703125,6563.286133,-6857.932617,0.0,0.0,88.75042,-21220.703125,6563.286133,-6857.932617,0.0,0.0,88.75042,false,false,false,false
2,58.76096,Nov 6, 2019, 11:06:39 AM,-21220.703125,6563.286133,-6857.932617,0.0,0.0,88.75042,-21220.703125,6563.286133,-6857.932617,0.0,0.0,88.75042,-21220.703125,6563.286133,-6857.932617,0.0,0.0,88.75042,false,false,false,false
2,61.149368,Nov 6, 2019, 11:06:39 AM,-21220.703125,6563.286133,-6857.932617,0.0,0.0,88.75042,-21220.703125,6563.286133,-6857.932617,0.0,0.0,88.75042,-21220.703125,6563.286133,-6857.932617,0.0,0.0,88.75042,false,false,false,false
2,58.346123,Nov 6, 2019, 11:06:39 AM,-21220.703125,6563.286133,-6857.932617,0.0,0.0,88.75042,-21220.703125,6563.286133,-6857.932617,0.0,0.0,88.75042,-21220.703125,6563.286133,-6857.932617,0.0,0.0,88.75042,false,false,false,false
2,58.92057,Nov 6, 2019, 11:06:39 AM,-21220.703125,6563.286133,-6857.932617,0.0,0.0,88.75042,-21220.703125,6563.286133,-6857.932617,0.0,0.0,88.75042,-21220.703125,6563.286133,-6857.932617,0.0,0.0,88.75042,false,false,false,false
2,60.638397,Nov 6, 2019, 11:06:39 AM,-21220.703125,6563.286133,-6857.932617,0.0,0.0,88.75042,-21220.703125,6563.286133,-6857.932617,0.0,0.0,88.75042,-21220.703125,6563.286133,-6857.932617,0.0,0.0,88.75042,false,false,false,false
2,59.305294,Nov 6, 2019, 11:06:39 AM,-21220.703125,6563.286133,-6857.932617,0.0,0.0,88.75042,-21220.703125,6563.286133,-6857.932617,0.0,0.0,88.75042,-21220.703125,6563.286133,-6857.932617,0.0,0.0,88.75042,false,false,false,false
2,65.997887,Nov 6, 2019, 11:06:39 AM,-21220.703125,6563.286133,-6857.932617,0.0,0.0,88.75042,-21220.703125,6563.286133,-6857.932617,0.0,0.0,88.75042,-21220.703125,6563.286133,-6857.932617,0.0,0.0,88.75042,false,false,false,false
2,61.731834,Nov 6, 2019, 11:06:39 AM,-21220.703125,6563.286133,-6857.932617,0.0,0.0,88.75042,-21220.703125,6563.286133,-6857.932617,0.0,0.0,88.75042,-21220.703125,6563.286133,-6857.932617,0.0,0.0,88.75042,false,false,false,false
2,58.554863,Nov 6, 2019, 11:06:39 AM,-21220.703125,6563.286133,-6857.932617,0.0,0.0,88.75042,-21220.703125,6563.286133,-6857.932617,0.0,0.0,88.75042,-21220.703125,6563.286133,-6857.932617,0.0,0.0,88.75042,false,false,false,false
2,58.72715,Nov 6, 2019, 11:06:39 AM,-21220.703125,6563.286133,-6857.932617,0.0,0.0,88.75042,-21220.703125,6563.286133,-6857.932617,0.0,0.0,88.75042,-21220.703125,6563.286133,-6857.932617,0.0,0.0,88.75042,false,false,false,false
2,60.025803,Nov 6, 2019, 11:06:39 AM,-21220.703125,6563.286133,-6857.932617,0.0,0.0,88.75042,-21220.703125,6563.286133,-6857.932617,0.0,0.0,88.75042,-21220.703125,6563.286133,-6857.932617,0.0,0.0,88.75042,false,false,false,false
2,58.970612,Nov 6, 2019, 11:06:39 AM,-21220.703125,6563.286133,-6857.932617,0.0,0.0,88.75042,-21220.703125,6563.286133,-6857.932617,0.0,0.0,88.75042,-21220.703125,6563.286133,-6857.932617,0.0,0.0,88.75042,false,false,false,false
2,57.199726,Nov 6, 2019, 11:06:39 AM,-21220.703125,6563.286133,-6857.932617,0.0,0.0,88.75042,-21220.703125,6563.286133,-6857.932617,0.0,0.0,88.75042,-21220.703125,6563.286133,-6857.932617,0.0,0.0,88.75042,false,false,false,false
2,65.490036,Nov 6, 2019, 11:06:39 AM,-21220.703125,6563.286133,-6857.932617,0.0,0.0,88.75042,-21220.703125,6563.286133,-6857.932617,0.0,0.0,88.75042,-21220.703125,6563.286133,-6857.932617,0.0,0.0,88.75042,false,false,false,false
2,58.673058,Nov 6, 2019, 11:06:39 AM,-21220.703125,6563.286133,-6857.932617,0.0,0.0,88.75042,-21220.703125,6563.286133,-6857.932617,0.0,0.0,88.75042,-21220.703125,6563.286133,-6857.932617,0.0,0.0,88.75042,false,false,false,false
2,59.860157,Nov 6, 2019, 11:06:39 AM,-21220.703125,6563.286133,-6857.932617,0.0,0.0,88.75042,-21220.703125,6563.286133,-6857.932617,0.0,0.0,88.75042,-21220.703125,6563.286133,-6857.932617,0.0,0.0,88.75042,false,false,false,false
2,59.773224,Nov 6, 2019, 11:06:39 AM,-21220.703125,6563.286133,-6857.932617,0.0,0.0,88.75042,-21220.703125,6563.286133,-6857.932617,0.0,0.0,88.75042,-21220.703125,6563.286133,-6857.932617,0.0,0.0,88.75042,false,false,false,false
2,58.876179,Nov 6, 2019, 11:06:39 AM,-21220.703125,6563.286133,-6857.932617,0.0,0.0,88.75042,-21220.703125,6563.286133,-6857.932617,0.0,0.0,88.75042,-21220.703125,6563.286133,-6857.932617,0.0,0.0,88.75042,false,false,false,false
2,60.252209,Nov 6, 2019, 11:06:39 AM,-21220.703125,6563.286133,-6857.932617,0.0,0.0,88.75042,-21220.703125,6563.286133,-6857.932617,0.0,0.0,88.75042,-21220.703125,6563.286133,-6857.932617,0.0,0.0,88.75042,false,false,false,false
2,58.504505,Nov 6, 2019, 11:06:39 AM,-21220.703125,6563.286133,-6857.932617,0.0,0.0,88.75042,-21220.703125,6563.286133,-6857.932617,0.0,0.0,88.75042,-21220.703125,6563.286133,-6857.932617,0.0,0.0,88.75042,false,false,false,false
2,52.20351,Nov 6, 2019, 11:06:39 AM,-21220.703125,6563.286133,-6857.932617,0.0,0.0,88.75042,-21220.703125,6563.286133,-6857.932617,0.0,0.0,88.75042,-21220.703125,6563.286133,-6857.932617,0.0,0.0,88.75042,false,false,false,false
2,59.572392,Nov 6, 2019, 11:06:39 AM,-21220.703125,6563.286133,-6857.932617,0.0,0.0,88.75042,-21220.703125,6563.286133,-6857.932617,0.0,0.0,88.75042,-21220.703125,6563.286133,-6857.932617,0.0,0.0,88.75042,false,false,false,false
2,57.087399,Nov 6, 2019, 11:06:39 AM,-21220.703125,6563.286133,-6857.932617,0.0,0.0,88.75042,-21220.703125,6563.286133,-6857.932617,0.0,0.0,88.75042,-21220.703125,6563.286133,-6857.932617,0.0,0.0,88.75042,false,false,false,false
2,57.200069,Nov 6, 2019, 11:06:39 AM,-21220.703125,6563.286133,-6857.932617,0.0,0.0,88.75042,-21220.703125,6563.286133,-6857.932617,0.0,0.0,88.75042,-21220.703125,6563.286133,-6857.932617,0.0,0.0,88.75042,false,false,false,false
2,48.316177,Nov 6, 2019, 11:06:39 AM,-21220.703125,6563.286133,-6857.932617,0.0,0.0,88.75042,-21220.703125,6563.286133,-6857.932617,0.0,0.0,88.75042,-21220.703125,6563.286133,-6857.932617,0.0,0.0,88.75042,false,false,false,false
2,46.030552,Nov 6, 2019, 11:06:39 AM,-21220.703125,6563.286133,-6857.932617,0.0,0.0,88.75042,-21220.703125,6563.286133,-6857.932617,0.0,0.0,88.75042,-21220.703125,6563.286133,-6857.932617,0.0,0.0,88.75042,false,false,false,false
2,54.40815,Nov 6, 2019, 11:06:39 AM,-21220.703125,6563.286133,-6857.932617,0.0,0.0,88.75042,-21220.703125,6563.286133,-6857.932617,0.0,0.0,88.75042,-21220.703125,6563.286133,-6857.932617,0.0,0.0,88.75042,false,false,false,false
2,54.137451,Nov 6, 2019, 11:06:39 AM,-21220.703125,6563.286133,-6857.932617,0.0,0.0,88.75042,-21220.703125,6563.286133,-6857.932617,0.0,0.0,88.75042,-21220.703125,6563.286133,-6857.932617,0.0,0.0,88.75042,false,false,false,false
2,62.809742,Nov 6, 2019, 11:06:39 AM,-21220.703125,6563.286133,-6857.932617,0.0,0.0,88.75042,-21220.703125,6563.286133,-6857.932617,0.0,0.0,88.75042,-21220.703125,6563.286133,-6857.932617,0.0,0.0,88.75042,false,false,false,false
2,53.163212,Nov 6, 2019, 11:06:39 AM,-21220.703125,6563.286133,-6857.932617,0.0,0.0,88.75042,-21220.703125,6563.286133,-6857.932617,0.0,0.0,88.75042,-21220.703125,6563.286133,-6857.932617,0.0,0.0,88.75042,false,false,false,false
2,48.88517,Nov 6, 2019, 11:06:39 AM,-21220.703125,6563.286133,-6857.932617,0.0,0.0,88.75042,-21220.703125,6563.286133,-6857.932617,0.0,0.0,88.75042,-21220.703125,6563.286133,-6857.932617,0.0,0.0,88.75042,false,false,false,false
2,39.580135,Nov 6, 2019, 11:06:39 AM,-21220.703125,6563.286133,-6857.932617,0.0,0.0,88.75042,-21220.703125,6563.286133,-6857.932617,0.0,0.0,88.75042,-21220.703125,6563.286133,-6857.932617,0.0,0.0,88.75042,false,false,false,false
2,43.459366,Nov 6, 2019, 11:06:39 AM,-21220.703125,6563.286133,-6857.932617,0.0,0.0,88.75042,-21220.703125,6563.286133,-6857.932617,0.0,0.0,88.75042,-21220.703125,6563.286133,-6857.932617,0.0,0.0,88.75042,false,false,false,false
2,64.011871,Nov 6, 2019, 11:06:40 AM,-21220.703125,6563.286133,-6857.932617,0.0,0.0,88.75042,-21220.703125,6563.286133,-6857.932617,0.0,0.0,88.75042,-21220.703125,6563.286133,-6857.932617,0.0,0.0,88.75042,false,false,false,false
2,35.041733,Nov 6, 2019, 11:06:40 AM,-21220.703125,6563.286133,-6857.932617,0.0,0.0,88.75042,-21220.703125,6563.286133,-6857.932617,0.0,0.0,88.75042,-21220.703125,6563.286133,-6857.932617,0.0,0.0,88.75042,false,false,false,false
2,51.919735,Nov 6, 2019, 11:06:40 AM,-21220.703125,6563.286133,-6857.932617,0.0,0.0,88.75042,-21220.703125,6563.286133,-6857.932617,0.0,0.0,88.75042,-21220.703125,6563.286133,-6857.932617,0.0,0.0,88.75042,false,false,false,false
2,63.003242,Nov 6, 2019, 11:06:40 AM,-21220.703125,6563.286133,-6857.932617,0.0,0.0,88.75042,-21220.703125,6563.286133,-6857.932617,0.0,0.0,88.75042,-21220.703125,6563.286133,-6857.932617,0.0,0.0,88.75042,false,false,false,false
2,58.290352,Nov 6, 2019, 11:06:40 AM,-21220.703125,6563.286133,-6857.932617,0.0,0.0,88.75042,-21220.703125,6563.286133,-6857.932617,0.0,0.0,88.75042,-21220.703125,6563.286133,-6857.932617,0.0,0.0,88.75042,false,false,false,false
2,63.87775,Nov 6, 2019, 11:06:40 AM,-21220.703125,6563.286133,-6857.932617,0.0,0.0,88.75042,-21220.703125,6563.286133,-6857.932617,0.0,0.0,88.75042,-21220.703125,6563.286133,-6857.932617,0.0,0.0,88.75042,false,false,false,false
2,57.483166,Nov 6, 2019, 11:06:40 AM,-21220.703125,6563.286133,-6857.932617,0.0,0.0,88.75042,-21220.703125,6563.286133,-6857.932617,0.0,0.0,88.75042,-21220.703125,6563.286133,-6857.932617,0.0,0.0,88.75042,false,false,false,false
2,56.469738,Nov 6, 2019, 11:06:40 AM,-21220.703125,6563.286133,-6857.932617,0.0,0.0,88.75042,-21220.703125,6563.286133,-6857.932617,0.0,0.0,88.75042,-21220.703125,6563.286133,-6857.932617,0.0,0.0,88.75042,false,false,false,false
2,62.077873,Nov 6, 2019, 11:06:40 AM,-21220.703125,6563.286133,-6857.932617,0.0,0.0,88.75042,-21220.703125,6563.286133,-6857.932617,0.0,0.0,88.75042,-21220.703125,6563.286133,-6857.932617,0.0,0.0,88.75042,false,false,false,false
2,57.959583,Nov 6, 2019, 11:06:40 AM,-21220.703125,6563.286133,-6857.932617,0.0,0.0,88.75042,-21220.703125,6563.286133,-6857.932617,0.0,0.0,88.75042,-21220.703125,6563.286133,-6857.932617,0.0,0.0,88.75042,false,false,false,false
2,57.255409,Nov 6, 2019, 11:06:40 AM,-21220.703125,6563.286133,-6857.932617,0.0,0.0,88.75042,-21220.703125,6563.286133,-6857.932617,0.0,0.0,88.75042,-21220.703125,6563.286133,-6857.932617,0.0,0.0,88.75042,false,false,false,false
2,57.166374,Nov 6, 2019, 11:06:40 AM,-21220.703125,6563.286133,-6857.932617,0.0,0.0,88.75042,-21220.703125,6563.286133,-6857.932617,0.0,0.0,88.75042,-21220.703125,6563.286133,-6857.932617,0.0,0.0,88.75042,false,false,false,false
2,57.16507,Nov 6, 2019, 11:06:40 AM,-21220.703125,6563.286133,-6857.932617,0.0,0.0,88.75042,-21220.703125,6563.286133,-6857.932617,0.0,0.0,88.75042,-21220.703125,6563.286133,-6857.932617,0.0,0.0,88.75042,false,false,false,false
2,57.483486,Nov 6, 2019, 11:06:40 AM,-21220.703125,6563.286133,-6857.932617,0.0,0.0,88.75042,-21220.703125,6563.286133,-6857.932617,0.0,0.0,88.75042,-21220.703125,6563.286133,-6857.932617,0.0,0.0,88.75042,false,false,false,false
2,57.211845,Nov 6, 2019, 11:06:40 AM,-21220.703125,6563.286133,-6857.932617,0.0,0.0,88.75042,-21220.703125,6563.286133,-6857.932617,0.0,0.0,88.75042,-21220.703125,6563.286133,-6857.932617,0.0,0.0,88.75042,false,false,false,false
2,53.382874,Nov 6, 2019, 11:06:40 AM,-21220.703125,6563.286133,-6857.932617,0.0,0.0,88.75042,-21220.703125,6563.286133,-6857.932617,0.0,0.0,88.75042,-21220.703125,6563.286133,-6857.932617,0.0,0.0,88.75042,false,false,false,false
2,47.77739,Nov 6, 2019, 11:06:40 AM,-21220.703125,6563.286133,-6857.932617,0.0,0.0,88.75042,-21220.703125,6563.286133,-6857.932617,0.0,0.0,88.75042,-21220.703125,6563.286133,-6857.932617,0.0,0.0,88.75042,false,false,false,false
2,46.667912,Nov 6, 2019, 11:06:40 AM,-21220.703125,6563.286133,-6857.932617,0.0,0.0,88.75042,-21220.703125,6563.286133,-6857.932617,0.0,0.0,88.75042,-21220.703125,6563.286133,-6857.932617,0.0,0.0,88.75042,false,false,false,false
2,54.884449,Nov 6, 2019, 11:06:40 AM,-21220.703125,6563.286133,-6857.932617,0.0,0.0,88.75042,-21220.703125,6563.286133,-6857.932617,0.0,0.0,88.75042,-21220.703125,6563.286133,-6857.932617,0.0,0.0,88.75042,false,false,false,false
2,60.69471,Nov 6, 2019, 11:06:40 AM,-21220.703125,6563.286133,-6857.932617,0.0,0.0,88.75042,-21220.703125,6563.286133,-6857.932617,0.0,0.0,88.75042,-21220.703125,6563.286133,-6857.932617,0.0,0.0,88.75042,false,false,false,false
2,49.759411,Nov 6, 2019, 11:06:40 AM,-21220.703125,6563.286133,-6857.932617,0.0,0.0,88.75042,-21220.703125,6563.286133,-6857.932617,0.0,0.0,88.75042,-21220.703125,6563.286133,-6857.932617,0.0,0.0,88.75042,false,false,false,false
2,42.830952,Nov 6, 2019, 11:06:40 AM,-21220.703125,6563.286133,-6857.932617,0.0,0.0,88.75042,-21220.703125,6563.286133,-6857.932617,0.0,0.0,88.75042,-21220.703125,6563.286133,-6857.932617,0.0,0.0,88.75042,false,false,false,false
2,48.734852,Nov 6, 2019, 11:06:40 AM,-21220.703125,6563.286133,-6857.932617,0.0,0.0,88.75042,-21220.703125,6563.286133,-6857.932617,0.0,0.0,88.75042,-21220.703125,6563.286133,-6857.932617,0.0,0.0,88.75042,false,false,false,false
2,51.354202,Nov 6, 2019, 11:06:40 AM,-21220.703125,6563.286133,-6857.932617,0.0,0.0,88.75042,-21220.703125,6563.286133,-6857.932617,0.0,0.0,88.75042,-21220.703125,6563.286133,-6857.932617,0.0,0.0,88.75042,false,false,false,false
2,57.100113,Nov 6, 2019, 11:06:40 AM,-21220.703125,6563.286133,-6857.932617,0.0,0.0,88.75042,-21220.703125,6563.286133,-6857.932617,0.0,0.0,88.75042,-21220.703125,6563.286133,-6857.932617,0.0,0.0,88.75042,false,false,false,false
2,53.943256,Nov 6, 2019, 11:06:40 AM,-21220.703125,6563.286133,-6857.932617,0.0,0.0,88.75042,-21220.703125,6563.286133,-6857.932617,0.0,0.0,88.75042,-21220.703125,6563.286133,-6857.932617,0.0,0.0,88.75042,false,false,false,false
2,53.53233,Nov 6, 2019, 11:06:40 AM,-21220.703125,6563.286133,-6857.932617,0.0,0.0,88.75042,-21220.703125,6563.286133,-6857.932617,0.0,0.0,88.75042,-21220.703125,6563.286133,-6857.932617,0.0,0.0,88.75042,false,false,false,false
2,37.704548,Nov 6, 2019, 11:06:40 AM,-21220.703125,6563.286133,-6857.932617,0.0,0.0,88.75042,-21220.703125,6563.286133,-6857.932617,0.0,0.0,88.75042,-21220.703125,6563.286133,-6857.932617,0.0,0.0,88.75042,false,false,false,false
2,35.890144,Nov 6, 2019, 11:06:40 AM,-21220.703125,6563.286133,-6857.932617,0.0,0.0,88.75042,-21220.703125,6563.286133,-6857.932617,0.0,0.0,88.75042,-21220.703125,6563.286133,-6857.932617,0.0,0.0,88.75042,false,false,false,false
2,41.798683,Nov 6, 2019, 11:06:40 AM,-21220.703125,6563.286133,-6857.932617,0.0,0.0,88.75042,-21220.703125,6563.286133,-6857.932617,0.0,0.0,88.75042,-21220.703125,6563.286133,-6857.932617,0.0,0.0,88.75042,false,false,false,false
2,39.080055,Nov 6, 2019, 11:06:40 AM,-21220.703125,6563.286133,-6857.932617,0.0,0.0,88.75042,-21220.703125,6563.286133,-6857.932617,0.0,0.0,88.75042,-21220.703125,6563.286133,-6857.932617,0.0,0.0,88.75042,false,false,false,false
2,42.391026,Nov 6, 2019, 11:06:40 AM,-21220.703125,6563.286133,-6857.932617,0.0,0.0,88.75042,-21220.703125,6563.286133,-6857.932617,0.0,0.0,88.75042,-21220.703125,6563.286133,-6857.932617,0.0,0.0,88.75042,false,false,false,false
2,39.288097,Nov 6, 2019, 11:06:40 AM,-21220.703125,6563.286133,-6857.932617,0.0,0.0,88.75042,-21220.703125,6563.286133,-6857.932617,0.0,0.0,88.75042,-21220.703125,6563.286133,-6857.932617,0.0,0.0,88.75042,false,false,false,false
2,42.028286,Nov 6, 2019, 11:06:40 AM,-21220.703125,6563.286133,-6857.932617,0.0,0.0,88.75042,-21220.703125,6563.286133,-6857.932617,0.0,0.0,88.75042,-21220.703125,6563.286133,-6857.932617,0.0,0.0,88.75042,false,false,false,false
2,38.107433,Nov 6, 2019, 11:06:40 AM,-21220.703125,6563.286133,-6857.932617,0.0,0.0,88.75042,-21220.703125,6563.286133,-6857.932617,0.0,0.0,88.75042,-21220.703125,6563.286133,-6857.932617,0.0,0.0,88.75042,false,false,false,false
2,42.209587,Nov 6, 2019, 11:06:40 AM,-21220.703125,6563.286133,-6857.932617,0.0,0.0,88.75042,-21220.703125,6563.286133,-6857.932617,0.0,0.0,88.75042,-21220.703125,6563.286133,-6857.932617,0.0,0.0,88.75042,false,false,false,false
2,49.49662,Nov 6, 2019, 11:06:40 AM,-21220.703125,6563.286133,-6857.932617,0.0,0.0,88.75042,-21220.703125,6563.286133,-6857.932617,0.0,0.0,88.75042,-21220.703125,6563.286133,-6857.932617,0.0,0.0,88.75042,false,false,false,false
2,61.382462,Nov 6, 2019, 11:06:40 AM,-21220.703125,6563.286133,-6857.932617,0.0,0.0,88.75042,-21220.703125,6563.286133,-6857.932617,0.0,0.0,88.75042,-21220.703125,6563.286133,-6857.932617,0.0,0.0,88.75042,false,false,false,false
2,53.58884,Nov 6, 2019, 11:06:40 AM,-21220.703125,6563.286133,-6857.932617,0.0,0.0,88.75042,-21220.703125,6563.286133,-6857.932617,0.0,0.0,88.75042,-21220.703125,6563.286133,-6857.932617,0.0,0.0,88.75042,false,false,false,false
2,52.461773,Nov 6, 2019, 11:06:40 AM,-21220.703125,6563.286133,-6857.932617,0.0,0.0,88.75042,-21220.703125,6563.286133,-6857.932617,0.0,0.0,88.75042,-21220.703125,6563.286133,-6857.932617,0.0,0.0,88.75042,false,false,false,false
2,45.665646,Nov 6, 2019, 11:06:40 AM,-21220.703125,6563.286133,-6857.932617,0.0,0.0,88.75042,-21220.703125,6563.286133,-6857.932617,0.0,0.0,88.75042,-21220.703125,6563.286133,-6857.932617,0.0,0.0,88.75042,false,false,false,false
2,52.409801,Nov 6, 2019, 11:06:40 AM,-21220.703125,6563.286133,-6857.932617,0.0,0.0,88.75042,-21220.703125,6563.286133,-6857.932617,0.0,0.0,88.75042,-21220.703125,6563.286133,-6857.932617,0.0,0.0,88.75042,false,false,false,false
2,52.899136,Nov 6, 2019, 11:06:40 AM,-21220.703125,6563.286133,-6857.932617,0.0,0.0,88.75042,-21220.703125,6563.286133,-6857.932617,0.0,0.0,88.75042,-21220.703125,6563.286133,-6857.932617,0.0,0.0,88.75042,false,false,false,false
2,59.845478,Nov 6, 2019, 11:06:40 AM,-21220.703125,6563.286133,-6857.932617,0.0,0.0,88.75042,-21220.703125,6563.286133,-6857.932617,0.0,0.0,88.75042,-21220.703125,6563.286133,-6857.932617,0.0,0.0,88.75042,false,false,false,false
2,51.222687,Nov 6, 2019, 11:06:40 AM,-21220.703125,6563.286133,-6857.932617,0.0,0.0,88.75042,-21220.703125,6563.286133,-6857.932617,0.0,0.0,88.75042,-21220.703125,6563.286133,-6857.932617,0.0,0.0,88.75042,false,false,false,false
2,54.41436,Nov 6, 2019, 11:06:40 AM,-21220.703125,6563.286133,-6857.932617,0.0,0.0,88.75042,-21220.703125,6563.286133,-6857.932617,0.0,0.0,88.75042,-21220.703125,6563.286133,-6857.932617,0.0,0.0,88.75042,false,false,false,false
2,48.446323,Nov 6, 2019, 11:06:40 AM,-21220.703125,6563.286133,-6857.932617,0.0,0.0,88.75042,-21220.703125,6563.286133,-6857.932617,0.0,0.0,88.75042,-21220.703125,6563.286133,-6857.932617,0.0,0.0,88.75042,false,false,false,false
2,49.000156,Nov 6, 2019, 11:06:40 AM,-21220.703125,6563.286133,-6857.932617,0.0,0.0,88.75042,-21220.703125,6563.286133,-6857.932617,0.0,0.0,88.75042,-21220.703125,6563.286133,-6857.932617,0.0,0.0,88.75042,false,false,false,false
2,50.221733,Nov 6, 2019, 11:06:40 AM,-21220.703125,6563.286133,-6857.932617,0.0,0.0,88.75042,-21220.703125,6563.286133,-6857.932617,0.0,0.0,88.75042,-21220.703125,6563.286133,-6857.932617,0.0,0.0,88.75042,false,false,false,false
2,53.966541,Nov 6, 2019, 11:06:40 AM,-21220.703125,6563.286133,-6857.932617,0.0,0.0,88.75042,-21220.703125,6563.286133,-6857.932617,0.0,0.0,88.75042,-21220.703125,6563.286133,-6857.932617,0.0,0.0,88.75042,false,false,false,false
2,59.407116,Nov 6, 2019, 11:06:40 AM,-21220.703125,6563.286133,-6857.932617,0.0,0.0,88.75042,-21220.703125,6563.286133,-6857.932617,0.0,0.0,88.75042,-21220.703125,6563.286133,-6857.932617,0.0,0.0,88.75042,false,false,false,false
2,31.719244,Nov 6, 2019, 11:06:41 AM,-21220.703125,6563.286133,-6857.932617,0.0,0.0,88.75042,-21220.703125,6563.286133,-6857.932617,0.0,0.0,88.75042,-21220.703125,6563.286133,-6857.932617,0.0,0.0,88.75042,false,false,false,false
2,50.237625,Nov 6, 2019, 11:06:41 AM,-21220.703125,6563.286133,-6857.932617,0.0,0.0,88.75042,-21220.703125,6563.286133,-6857.932617,0.0,0.0,88.75042,-21220.703125,6563.286133,-6857.932617,0.0,0.0,88.75042,false,false,false,false
2,60.167019,Nov 6, 2019, 11:06:41 AM,-21220.703125,6563.286133,-6857.932617,0.0,0.0,88.75042,-21220.703125,6563.286133,-6857.932617,0.0,0.0,88.75042,-21220.703125,6563.286133,-6857.932617,0.0,0.0,88.75042,false,false,false,false
2,54.064877,Nov 6, 2019, 11:06:41 AM,-21220.703125,6563.286133,-6857.932617,0.0,0.0,88.75042,-21220.703125,6563.286133,-6857.932617,0.0,0.0,88.75042,-21220.703125,6563.286133,-6857.932617,0.0,0.0,88.75042,false,false,false,false
2,52.36068,Nov 6, 2019, 11:06:41 AM,-21220.703125,6563.286133,-6857.932617,0.0,0.0,88.75042,-21220.703125,6563.286133,-6857.932617,0.0,0.0,88.75042,-21220.703125,6563.286133,-6857.932617,0.0,0.0,88.75042,false,false,false,false
2,44.614574,Nov 6, 2019, 11:06:41 AM,-21220.703125,6563.286133,-6857.932617,0.0,0.0,88.75042,-21220.703125,6563.286133,-6857.932617,0.0,0.0,88.75042,-21220.703125,6563.286133,-6857.932617,0.0,0.0,88.75042,false,false,false,false
2,51.886055,Nov 6, 2019, 11:06:41 AM,-21220.703125,6563.286133,-6857.932617,0.0,0.0,88.75042,-21220.703125,6563.286133,-6857.932617,0.0,0.0,88.75042,-21220.703125,6563.286133,-6857.932617,0.0,0.0,88.75042,false,false,false,false
2,54.219646,Nov 6, 2019, 11:06:41 AM,-21220.703125,6563.286133,-6857.932617,0.0,0.0,88.75042,-21220.703125,6563.286133,-6857.932617,0.0,0.0,88.75042,-21220.703125,6563.286133,-6857.932617,0.0,0.0,88.75042,false,false,false,false
2,61.608982,Nov 6, 2019, 11:06:41 AM,-21220.703125,6563.286133,-6857.932617,0.0,0.0,88.75042,-21220.703125,6563.286133,-6857.932617,0.0,0.0,88.75042,-21220.703125,6563.286133,-6857.932617,0.0,0.0,88.75042,false,false,false,false
2,55.057583,Nov 6, 2019, 11:06:41 AM,-21220.703125,6563.286133,-6857.932617,0.0,0.0,88.75042,-21220.703125,6563.286133,-6857.932617,0.0,0.0,88.75042,-21220.703125,6563.286133,-6857.932617,0.0,0.0,88.75042,false,false,false,false
2,61.795528,Nov 6, 2019, 11:06:41 AM,-21220.703125,6563.286133,-6857.932617,0.0,0.0,88.75042,-21220.703125,6563.286133,-6857.932617,0.0,0.0,88.75042,-21220.703125,6563.286133,-6857.932617,0.0,0.0,88.75042,false,false,false,false
2,56.57069,Nov 6, 2019, 11:06:41 AM,-21220.703125,6563.286133,-6857.932617,0.0,0.0,88.75042,-21220.703125,6563.286133,-6857.932617,0.0,0.0,88.75042,-21220.703125,6563.286133,-6857.932617,0.0,0.0,88.75042,false,false,false,false
2,55.201035,Nov 6, 2019, 11:06:41 AM,-21220.703125,6563.286133,-6857.932617,0.0,0.0,88.75042,-21220.703125,6563.286133,-6857.932617,0.0,0.0,88.75042,-21220.703125,6563.286133,-6857.932617,0.0,0.0,88.75042,false,false,false,false
2,54.551514,Nov 6, 2019, 11:06:41 AM,-21220.703125,6563.286133,-6857.932617,0.0,0.0,88.75042,-21220.703125,6563.286133,-6857.932617,0.0,0.0,88.75042,-21220.703125,6563.286133,-6857.932617,0.0,0.0,88.75042,false,false,false,false
2,49.537567,Nov 6, 2019, 11:06:41 AM,-21220.703125,6563.286133,-6857.932617,0.0,0.0,88.75042,-21220.703125,6563.286133,-6857.932617,0.0,0.0,88.75042,-21220.703125,6563.286133,-6857.932617,0.0,0.0,88.75042,false,false,false,false
2,50.335739,Nov 6, 2019, 11:06:41 AM,-21220.703125,6563.286133,-6857.932617,0.0,0.0,88.75042,-21220.703125,6563.286133,-6857.932617,0.0,0.0,88.75042,-21220.703125,6563.286133,-6857.932617,0.0,0.0,88.75042,false,false,false,false
2,48.971596,Nov 6, 2019, 11:06:41 AM,-21220.703125,6563.286133,-6857.932617,0.0,0.0,88.75042,-21220.703125,6563.286133,-6857.932617,0.0,0.0,88.75042,-21220.703125,6563.286133,-6857.932617,0.0,0.0,88.75042,false,false,false,false
2,52.660126,Nov 6, 2019, 11:06:41 AM,-21220.703125,6563.286133,-6857.932617,0.0,0.0,88.75042,-21220.703125,6563.286133,-6857.932617,0.0,0.0,88.75042,-21220.703125,6563.286133,-6857.932617,0.0,0.0,88.75042,false,false,false,false
2,59.900684,Nov 6, 2019, 11:06:41 AM,-21220.703125,6563.286133,-6857.932617,0.0,0.0,88.75042,-21220.703125,6563.286133,-6857.932617,0.0,0.0,88.75042,-21220.703125,6563.286133,-6857.932617,0.0,0.0,88.75042,false,false,false,false
2,55.548141,Nov 6, 2019, 11:06:41 AM,-21220.703125,6563.286133,-6857.932617,0.0,0.0,88.75042,-21220.703125,6563.286133,-6857.932617,0.0,0.0,88.75042,-21220.703125,6563.286133,-6857.932617,0.0,0.0,88.75042,false,false,false,false
2,55.537052,Nov 6, 2019, 11:06:41 AM,-21220.703125,6563.286133,-6857.932617,0.0,0.0,88.75042,-21220.703125,6563.286133,-6857.932617,0.0,0.0,88.75042,-21220.703125,6563.286133,-6857.932617,0.0,0.0,88.75042,false,false,false,false
2,52.557442,Nov 6, 2019, 11:06:41 AM,-21220.703125,6563.286133,-6857.932617,0.0,0.0,88.75042,-21220.703125,6563.286133,-6857.932617,0.0,0.0,88.75042,-21220.703125,6563.286133,-6857.932617,0.0,0.0,88.75042,false,false,false,false
2,46.310234,Nov 6, 2019, 11:06:41 AM,-21220.703125,6563.286133,-6857.932617,0.0,0.0,88.75042,-21220.703125,6563.286133,-6857.932617,0.0,0.0,88.75042,-21220.703125,6563.286133,-6857.932617,0.0,0.0,88.75042,false,false,false,false
2,52.908928,Nov 6, 2019, 11:06:41 AM,-21220.703125,6563.286133,-6857.932617,0.0,0.0,88.75042,-21220.703125,6563.286133,-6857.932617,0.0,0.0,88.75042,-21220.703125,6563.286133,-6857.932617,0.0,0.0,88.75042,false,false,false,false
2,52.826202,Nov 6, 2019, 11:06:41 AM,-21220.703125,6563.286133,-6857.932617,0.0,0.0,88.75042,-21220.703125,6563.286133,-6857.932617,0.0,0.0,88.75042,-21220.703125,6563.286133,-6857.932617,0.0,0.0,88.75042,false,false,false,false
2,54.864864,Nov 6, 2019, 11:06:41 AM,-21220.703125,6563.286133,-6857.932617,0.0,0.0,88.75042,-21220.703125,6563.286133,-6857.932617,0.0,0.0,88.75042,-21220.703125,6563.286133,-6857.932617,0.0,0.0,88.75042,false,false,false,false
2,60.236618,Nov 6, 2019, 11:06:41 AM,-21220.703125,6563.286133,-6857.932617,0.0,0.0,88.75042,-21220.703125,6563.286133,-6857.932617,0.0,0.0,88.75042,-21220.703125,6563.286133,-6857.932617,0.0,0.0,88.75042,false,false,false,false
2,56.439465,Nov 6, 2019, 11:06:41 AM,-21220.703125,6563.286133,-6857.932617,0.0,0.0,88.75042,-21220.703125,6563.286133,-6857.932617,0.0,0.0,88.75042,-21220.703125,6563.286133,-6857.932617,0.0,0.0,88.75042,false,false,false,false
2,54.513737,Nov 6, 2019, 11:06:41 AM,-21220.703125,6563.286133,-6857.932617,0.0,0.0,88.75042,-21220.703125,6563.286133,-6857.932617,0.0,0.0,88.75042,-21220.703125,6563.286133,-6857.932617,0.0,0.0,88.75042,false,false,false,false
2,54.945351,Nov 6, 2019, 11:06:41 AM,-21220.703125,6563.286133,-6857.932617,0.0,0.0,88.75042,-21220.703125,6563.286133,-6857.932617,0.0,0.0,88.75042,-21220.703125,6563.286133,-6857.932617,0.0,0.0,88.75042,false,false,false,false
2,53.43108,Nov 6, 2019, 11:06:41 AM,-21220.703125,6563.286133,-6857.932617,0.0,0.0,88.75042,-21220.703125,6563.286133,-6857.932617,0.0,0.0,88.75042,-21220.703125,6563.286133,-6857.932617,0.0,0.0,88.75042,false,false,false,false
2,44.669975,Nov 6, 2019, 11:06:41 AM,-21220.703125,6563.286133,-6857.932617,0.0,0.0,88.75042,-21220.703125,6563.286133,-6857.932617,0.0,0.0,88.75042,-21220.703125,6563.286133,-6857.932617,0.0,0.0,88.75042,false,false,false,false
2,54.11607,Nov 6, 2019, 11:06:41 AM,-21220.703125,6563.286133,-6857.932617,0.0,0.0,88.75042,-21220.703125,6563.286133,-6857.932617,0.0,0.0,88.75042,-21220.703125,6563.286133,-6857.932617,0.0,0.0,88.75042,false,false,false,false
2,54.881737,Nov 6, 2019, 11:06:41 AM,-21220.703125,6563.286133,-6857.932617,0.0,0.0,88.75042,-21220.703125,6563.286133,-6857.932617,0.0,0.0,88.75042,-21220.703125,6563.286133,-6857.932617,0.0,0.0,88.75042,false,false,false,false
2,55.669979,Nov 6, 2019, 11:06:41 AM,-21220.703125,6563.286133,-6857.932617,0.0,0.0,88.75042,-21220.703125,6563.286133,-6857.932617,0.0,0.0,88.75042,-21220.703125,6563.286133,-6857.932617,0.0,0.0,88.75042,false,false,false,false
2,62.537922,Nov 6, 2019, 11:06:41 AM,-21220.703125,6563.286133,-6857.932617,0.0,0.0,88.75042,-21220.703125,6563.286133,-6857.932617,0.0,0.0,88.75042,-21220.703125,6563.286133,-6857.932617,0.0,0.0,88.75042,false,false,false,false
2,55.770267,Nov 6, 2019, 11:06:41 AM,-21220.703125,6563.286133,-6857.932617,0.0,0.0,88.75042,-21220.703125,6563.286133,-6857.932617,0.0,0.0,88.75042,-21220.703125,6563.286133,-6857.932617,0.0,0.0,88.75042,false,false,false,false
2,53.727055,Nov 6, 2019, 11:06:41 AM,-21220.703125,6563.286133,-6857.932617,0.0,0.0,88.75042,-21220.703125,6563.286133,-6857.932617,0.0,0.0,88.75042,-21220.703125,6563.286133,-6857.932617,0.0,0.0,88.75042,false,false,false,false
2,55.983196,Nov 6, 2019, 11:06:41 AM,-21220.703125,6563.286133,-6857.932617,0.0,0.0,88.75042,-21220.703125,6563.286133,-6857.932617,0.0,0.0,88.75042,-21220.703125,6563.286133,-6857.932617,0.0,0.0,88.75042,false,false,false,false
2,54.251118,Nov 6, 2019, 11:06:41 AM,-21220.703125,6563.286133,-6857.932617,0.0,0.0,88.75042,-21220.703125,6563.286133,-6857.932617,0.0,0.0,88.75042,-21220.703125,6563.286133,-6857.932617,0.0,0.0,88.75042,false,false,false,false
2,45.413258,Nov 6, 2019, 11:06:41 AM,-21220.703125,6563.286133,-6857.932617,0.0,0.0,88.75042,-21220.703125,6563.286133,-6857.932617,0.0,0.0,88.75042,-21220.703125,6563.286133,-6857.932617,0.0,0.0,88.75042,false,false,false,false
2,53.768356,Nov 6, 2019, 11:06:41 AM,-21220.703125,6563.286133,-6857.932617,0.0,0.0,88.75042,-21220.703125,6563.286133,-6857.932617,0.0,0.0,88.75042,-21220.703125,6563.286133,-6857.932617,0.0,0.0,88.75042,false,false,false,false
2,54.475727,Nov 6, 2019, 11:06:41 AM,-21220.703125,6563.286133,-6857.932617,0.0,0.0,88.75042,-21220.703125,6563.286133,-6857.932617,0.0,0.0,88.75042,-21220.703125,6563.286133,-6857.932617,0.0,0.0,88.75042,false,false,false,false
2,55.066689,Nov 6, 2019, 11:06:41 AM,-21220.703125,6563.286133,-6857.932617,0.0,0.0,88.75042,-21220.703125,6563.286133,-6857.932617,0.0,0.0,88.75042,-21220.703125,6563.286133,-6857.932617,0.0,0.0,88.75042,false,false,false,false
2,62.05283,Nov 6, 2019, 11:06:41 AM,-21220.703125,6563.286133,-6857.932617,0.0,0.0,88.75042,-21220.703125,6563.286133,-6857.932617,0.0,0.0,88.75042,-21220.703125,6563.286133,-6857.932617,0.0,0.0,88.75042,false,false,false,false
2,53.916203,Nov 6, 2019, 11:06:41 AM,-21220.703125,6563.286133,-6857.932617,0.0,0.0,88.75042,-21220.703125,6563.286133,-6857.932617,0.0,0.0,88.75042,-21220.703125,6563.286133,-6857.932617,0.0,0.0,88.75042,false,false,false,false
2,55.947506,Nov 6, 2019, 11:06:41 AM,-21220.703125,6563.286133,-6857.932617,0.0,0.0,88.75042,-21220.703125,6563.286133,-6857.932617,0.0,0.0,88.75042,-21220.703125,6563.286133,-6857.932617,0.0,0.0,88.75042,false,false,false,false
2,55.804504,Nov 6, 2019, 11:06:41 AM,-21220.703125,6563.286133,-6857.932617,0.0,0.0,88.75042,-21220.703125,6563.286133,-6857.932617,0.0,0.0,88.75042,-21220.703125,6563.286133,-6857.932617,0.0,0.0,88.75042,false,false,false,false
2,54.675884,Nov 6, 2019, 11:06:41 AM,-21220.703125,6563.286133,-6857.932617,0.0,0.0,88.75042,-21220.703125,6563.286133,-6857.932617,0.0,0.0,88.75042,-21220.703125,6563.286133,-6857.932617,0.0,0.0,88.75042,false,false,false,false
2,47.818287,Nov 6, 2019, 11:06:41 AM,-21220.703125,6563.286133,-6857.932617,0.0,0.0,88.75042,-21220.703125,6563.286133,-6857.932617,0.0,0.0,88.75042,-21220.703125,6563.286133,-6857.932617,0.0,0.0,88.75042,false,false,false,false
2,52.398273,Nov 6, 2019, 11:06:41 AM,-21220.703125,6563.286133,-6857.932617,0.0,0.0,88.75042,-21220.703125,6563.286133,-6857.932617,0.0,0.0,88.75042,-21220.703125,6563.286133,-6857.932617,0.0,0.0,88.75042,false,false,false,false
2,51.835766,Nov 6, 2019, 11:06:41 AM,-21220.703125,6563.286133,-6857.932617,0.0,0.0,88.75042,-21220.703125,6563.286133,-6857.932617,0.0,0.0,88.75042,-21220.703125,6563.286133,-6857.932617,0.0,0.0,88.75042,false,false,false,false
2,54.032726,Nov 6, 2019, 11:06:41 AM,-21220.703125,6563.286133,-6857.932617,0.0,0.0,88.75042,-21220.703125,6563.286133,-6857.932617,0.0,0.0,88.75042,-21220.703125,6563.286133,-6857.932617,0.0,0.0,88.75042,false,false,false,false
2,44.082771,Nov 6, 2019, 11:06:42 AM,-21220.703125,6563.286133,-6857.932617,0.0,0.0,88.75042,-21220.703125,6563.286133,-6857.932617,0.0,0.0,88.75042,-21220.703125,6563.286133,-6857.932617,0.0,0.0,88.75042,false,false,false,false
2,37.235073,Nov 6, 2019, 11:06:42 AM,-21220.703125,6563.286133,-6857.932617,0.0,0.0,88.75042,-21220.703125,6563.286133,-6857.932617,0.0,0.0,88.75042,-21220.703125,6563.286133,-6857.932617,0.0,0.0,88.75042,false,false,false,false
2,52.490681,Nov 6, 2019, 11:06:42 AM,-21220.703125,6563.286133,-6857.932617,0.0,0.0,88.75042,-21220.703125,6563.286133,-6857.932617,0.0,0.0,88.75042,-21220.703125,6563.286133,-6857.932617,0.0,0.0,88.75042,false,false,false,false
2,61.29668,Nov 6, 2019, 11:06:42 AM,-21220.703125,6563.286133,-6857.932617,0.0,0.0,88.75042,-21220.703125,6563.286133,-6857.932617,0.0,0.0,88.75042,-21220.703125,6563.286133,-6857.932617,0.0,0.0,88.75042,false,false,false,false
2,54.046162,Nov 6, 2019, 11:06:42 AM,-21220.703125,6563.286133,-6857.932617,0.0,0.0,88.75042,-21220.703125,6563.286133,-6857.932617,0.0,0.0,88.75042,-21220.703125,6563.286133,-6857.932617,0.0,0.0,88.75042,false,false,false,false
2,55.097633,Nov 6, 2019, 11:06:42 AM,-21220.703125,6563.286133,-6857.932617,0.0,0.0,88.75042,-21220.703125,6563.286133,-6857.932617,0.0,0.0,88.75042,-21220.703125,6563.286133,-6857.932617,0.0,0.0,88.75042,false,false,false,false
2,53.675423,Nov 6, 2019, 11:06:42 AM,-21220.703125,6563.286133,-6857.932617,0.0,0.0,88.75042,-21220.703125,6563.286133,-6857.932617,0.0,0.0,88.75042,-21220.703125,6563.286133,-6857.932617,0.0,0.0,88.75042,false,false,false,false
2,47.058159,Nov 6, 2019, 11:06:42 AM,-21220.703125,6563.286133,-6857.932617,0.0,0.0,88.75042,-21220.703125,6563.286133,-6857.932617,0.0,0.0,88.75042,-21220.703125,6563.286133,-6857.932617,0.0,0.0,88.75042,false,false,false,false
2,53.419949,Nov 6, 2019, 11:06:42 AM,-21220.703125,6563.286133,-6857.932617,0.0,0.0,88.75042,-21220.703125,6563.286133,-6857.932617,0.0,0.0,88.75042,-21220.703125,6563.286133,-6857.932617,0.0,0.0,88.75042,false,false,false,false
2,52.692032,Nov 6, 2019, 11:06:42 AM,-21220.703125,6563.286133,-6857.932617,0.0,0.0,88.75042,-21220.703125,6563.286133,-6857.932617,0.0,0.0,88.75042,-21220.703125,6563.286133,-6857.932617,0.0,0.0,88.75042,false,false,false,false
2,53.022831,Nov 6, 2019, 11:06:42 AM,-21220.703125,6563.286133,-6857.932617,0.0,0.0,88.75042,-21220.703125,6563.286133,-6857.932617,0.0,0.0,88.75042,-21220.703125,6563.286133,-6857.932617,0.0,0.0,88.75042,false,false,false,false
2,63.993042,Nov 6, 2019, 11:06:42 AM,-21220.703125,6563.286133,-6857.932617,0.0,0.0,88.75042,-21220.703125,6563.286133,-6857.932617,0.0,0.0,88.75042,-21220.703125,6563.286133,-6857.932617,0.0,0.0,88.75042,false,false,false,false
2,57.604015,Nov 6, 2019, 11:06:42 AM,-21220.703125,6563.286133,-6857.932617,0.0,0.0,88.75042,-21220.703125,6563.286133,-6857.932617,0.0,0.0,88.75042,-21220.703125,6563.286133,-6857.932617,0.0,0.0,88.75042,false,false,false,false
2,55.218113,Nov 6, 2019, 11:06:42 AM,-21220.703125,6563.286133,-6857.932617,0.0,0.0,88.75042,-21220.703125,6563.286133,-6857.932617,0.0,0.0,88.75042,-21220.703125,6563.286133,-6857.932617,0.0,0.0,88.75042,false,false,false,false
2,55.293831,Nov 6, 2019, 11:06:42 AM,-21220.703125,6563.286133,-6857.932617,0.0,0.0,88.75042,-21220.703125,6563.286133,-6857.932617,0.0,0.0,88.75042,-21220.703125,6563.286133,-6857.932617,0.0,0.0,88.75042,false,false,false,false
2,57.57119,Nov 6, 2019, 11:06:42 AM,-21220.703125,6563.286133,-6857.932617,0.0,0.0,88.75042,-21220.703125,6563.286133,-6857.932617,0.0,0.0,88.75042,-21220.703125,6563.286133,-6857.932617,0.0,0.0,88.75042,false,false,false,false
2,57.887115,Nov 6, 2019, 11:06:42 AM,-21220.703125,6563.286133,-6857.932617,0.0,0.0,88.75042,-21220.703125,6563.286133,-6857.932617,0.0,0.0,88.75042,-21220.703125,6563.286133,-6857.932617,0.0,0.0,88.75042,false,false,false,false
2,55.183685,Nov 6, 2019, 11:06:42 AM,-21220.703125,6563.286133,-6857.932617,0.0,0.0,88.75042,-21220.703125,6563.286133,-6857.932617,0.0,0.0,88.75042,-21220.703125,6563.286133,-6857.932617,0.0,0.0,88.75042,false,false,false,false
2,48.098198,Nov 6, 2019, 11:06:42 AM,-21220.703125,6563.286133,-6857.932617,0.0,0.0,88.75042,-21220.703125,6563.286133,-6857.932617,0.0,0.0,88.75042,-21220.703125,6563.286133,-6857.932617,0.0,0.0,88.75042,false,false,false,false
2,27.487402,Nov 6, 2019, 11:06:42 AM,-21220.703125,6563.286133,-6857.932617,0.0,0.0,88.75042,-21220.703125,6563.286133,-6857.932617,0.0,0.0,88.75042,-21220.703125,6563.286133,-6857.932617,0.0,0.0,88.75042,false,false,false,false
2,36.866364,Nov 6, 2019, 11:06:42 AM,-21220.703125,6563.286133,-6857.932617,0.0,0.0,88.75042,-21220.703125,6563.286133,-6857.932617,0.0,0.0,88.75042,-21220.703125,6563.286133,-6857.932617,0.0,0.0,88.75042,false,false,false,false
2,40.566303,Nov 6, 2019, 11:06:42 AM,-21220.703125,6563.286133,-6857.932617,0.0,0.0,88.75042,-21220.703125,6563.286133,-6857.932617,0.0,0.0,88.75042,-21220.703125,6563.286133,-6857.932617,0.0,0.0,88.75042,false,false,false,false
2,39.292423,Nov 6, 2019, 11:06:42 AM,-21220.703125,6563.286133,-6857.932617,0.0,0.0,88.75042,-21220.703125,6563.286133,-6857.932617,0.0,0.0,88.75042,-21220.703125,6563.286133,-6857.932617,0.0,0.0,88.75042,false,false,false,false
2,41.533756,Nov 6, 2019, 11:06:42 AM,-21220.703125,6563.286133,-6857.932617,0.0,0.0,88.75042,-21220.703125,6563.286133,-6857.932617,0.0,0.0,88.75042,-21220.703125,6563.286133,-6857.932617,0.0,0.0,88.75042,false,false,false,false
2,38.406445,Nov 6, 2019, 11:06:42 AM,-21220.703125,6563.286133,-6857.932617,0.0,0.0,88.75042,-21220.703125,6563.286133,-6857.932617,0.0,0.0,88.75042,-21220.703125,6563.286133,-6857.932617,0.0,0.0,88.75042,false,false,false,false
2,41.409237,Nov 6, 2019, 11:06:42 AM,-21220.703125,6563.286133,-6857.932617,0.0,0.0,88.75042,-21220.703125,6563.286133,-6857.932617,0.0,0.0,88.75042,-21220.703125,6563.286133,-6857.932617,0.0,0.0,88.75042,false,false,false,false
2,38.437592,Nov 6, 2019, 11:06:42 AM,-21220.703125,6563.286133,-6857.932617,0.0,0.0,88.75042,-21220.703125,6563.286133,-6857.932617,0.0,0.0,88.75042,-21220.703125,6563.286133,-6857.932617,0.0,0.0,88.75042,false,false,false,false
2,41.21077,Nov 6, 2019, 11:06:42 AM,-21220.703125,6563.286133,-6857.932617,0.0,0.0,88.75042,-21220.703125,6563.286133,-6857.932617,0.0,0.0,88.75042,-21220.703125,6563.286133,-6857.932617,0.0,0.0,88.75042,false,false,false,false
2,37.539936,Nov 6, 2019, 11:06:42 AM,-21220.703125,6563.286133,-6857.932617,0.0,0.0,88.75042,-21220.703125,6563.286133,-6857.932617,0.0,0.0,88.75042,-21220.703125,6563.286133,-6857.932617,0.0,0.0,88.75042,false,false,false,false
2,42.070545,Nov 6, 2019, 11:06:42 AM,-21220.703125,6563.286133,-6857.932617,0.0,0.0,88.75042,-21220.703125,6563.286133,-6857.932617,0.0,0.0,88.75042,-21220.703125,6563.286133,-6857.932617,0.0,0.0,88.75042,false,false,false,false
2,37.903912,Nov 6, 2019, 11:06:42 AM,-21220.703125,6563.286133,-6857.932617,0.0,0.0,88.75042,-21220.703125,6563.286133,-6857.932617,0.0,0.0,88.75042,-21220.703125,6563.286133,-6857.932617,0.0,0.0,88.75042,false,false,false,false
2,41.445969,Nov 6, 2019, 11:06:42 AM,-21220.703125,6563.286133,-6857.932617,0.0,0.0,88.75042,-21220.703125,6563.286133,-6857.932617,0.0,0.0,88.75042,-21220.703125,6563.286133,-6857.932617,0.0,0.0,88.75042,false,false,false,false
2,36.925713,Nov 6, 2019, 11:06:42 AM,-21220.703125,6563.286133,-6857.932617,0.0,0.0,88.75042,-21220.703125,6563.286133,-6857.932617,0.0,0.0,88.75042,-21220.703125,6563.286133,-6857.932617,0.0,0.0,88.75042,false,false,false,false
2,39.594551,Nov 6, 2019, 11:06:42 AM,-21220.703125,6563.286133,-6857.932617,0.0,0.0,88.75042,-21220.703125,6563.286133,-6857.932617,0.0,0.0,88.75042,-21220.703125,6563.286133,-6857.932617,0.0,0.0,88.75042,false,false,false,false
2,35.200737,Nov 6, 2019, 11:06:42 AM,-21220.703125,6563.286133,-6857.932617,0.0,0.0,88.75042,-21220.703125,6563.286133,-6857.932617,0.0,0.0,88.75042,-21220.703125,6563.286133,-6857.932617,0.0,0.0,88.75042,false,false,false,false
2,38.029755,Nov 6, 2019, 11:06:42 AM,-21220.703125,6563.286133,-6857.932617,0.0,0.0,88.75042,-21220.703125,6563.286133,-6857.932617,0.0,0.0,88.75042,-21220.703125,6563.286133,-6857.932617,0.0,0.0,88.75042,false,false,false,false
2,39.737732,Nov 6, 2019, 11:06:42 AM,-21220.703125,6563.286133,-6857.932617,0.0,0.0,88.75042,-21220.703125,6563.286133,-6857.932617,0.0,0.0,88.75042,-21220.703125,6563.286133,-6857.932617,0.0,0.0,88.75042,false,false,false,false
2,36.407986,Nov 6, 2019, 11:06:42 AM,-21220.703125,6563.286133,-6857.932617,0.0,0.0,88.75042,-21220.703125,6563.286133,-6857.932617,0.0,0.0,88.75042,-21220.703125,6563.286133,-6857.932617,0.0,0.0,88.75042,false,false,false,false
2,53.159534,Nov 6, 2019, 11:06:42 AM,-21220.703125,6563.286133,-6857.932617,0.0,0.0,88.75042,-21220.703125,6563.286133,-6857.932617,0.0,0.0,88.75042,-21220.703125,6563.286133,-6857.932617,0.0,0.0,88.75042,false,false,false,false
2,53.312294,Nov 6, 2019, 11:06:42 AM,-21220.703125,6563.286133,-6857.932617,0.0,0.0,88.75042,-21220.703125,6563.286133,-6857.932617,0.0,0.0,88.75042,-21220.703125,6563.286133,-6857.932617,0.0,0.0,88.75042,false,false,false,false
2,52.449932,Nov 6, 2019, 11:06:42 AM,-21220.703125,6563.286133,-6857.932617,0.0,0.0,88.75042,-21220.703125,6563.286133,-6857.932617,0.0,0.0,88.75042,-21220.703125,6563.286133,-6857.932617,0.0,0.0,88.75042,false,false,false,false
2,59.799671,Nov 6, 2019, 11:06:42 AM,-21220.703125,6563.286133,-6857.932617,0.0,0.0,88.75042,-21220.703125,6563.286133,-6857.932617,0.0,0.0,88.75042,-21220.703125,6563.286133,-6857.932617,0.0,0.0,88.75042,false,false,false,false
2,52.802773,Nov 6, 2019, 11:06:42 AM,-21220.703125,6563.286133,-6857.932617,0.0,0.0,88.75042,-21220.703125,6563.286133,-6857.932617,0.0,0.0,88.75042,-21220.703125,6563.286133,-6857.932617,0.0,0.0,88.75042,false,false,false,false
2,51.642761,Nov 6, 2019, 11:06:42 AM,-21220.703125,6563.286133,-6857.932617,0.0,0.0,88.75042,-21220.703125,6563.286133,-6857.932617,0.0,0.0,88.75042,-21220.703125,6563.286133,-6857.932617,0.0,0.0,88.75042,false,false,false,false
2,35.868393,Nov 6, 2019, 11:06:42 AM,-21220.703125,6563.286133,-6857.932617,0.0,0.0,88.75042,-21220.703125,6563.286133,-6857.932617,0.0,0.0,88.75042,-21220.703125,6563.286133,-6857.932617,0.0,0.0,88.75042,false,false,false,false
2,40.522907,Nov 6, 2019, 11:06:43 AM,-21220.703125,6563.286133,-6857.932617,0.0,0.0,88.75042,-21220.703125,6563.286133,-6857.932617,0.0,0.0,88.75042,-21220.703125,6563.286133,-6857.932617,0.0,0.0,88.75042,false,false,false,false
2,41.604259,Nov 6, 2019, 11:06:43 AM,-21220.703125,6563.286133,-6857.932617,0.0,0.0,88.75042,-21220.703125,6563.286133,-6857.932617,0.0,0.0,88.75042,-21220.703125,6563.286133,-6857.932617,0.0,0.0,88.75042,false,false,false,false
2,54.768719,Nov 6, 2019, 11:06:43 AM,-21220.703125,6563.286133,-6857.932617,0.0,0.0,88.75042,-21220.703125,6563.286133,-6857.932617,0.0,0.0,88.75042,-21220.703125,6563.286133,-6857.932617,0.0,0.0,88.75042,false,false,false,false
2,53.072071,Nov 6, 2019, 11:06:43 AM,-21220.703125,6563.286133,-6857.932617,0.0,0.0,88.75042,-21220.703125,6563.286133,-6857.932617,0.0,0.0,88.75042,-21220.703125,6563.286133,-6857.932617,0.0,0.0,88.75042,false,false,false,false
2,60.389763,Nov 6, 2019, 11:06:43 AM,-21220.703125,6563.286133,-6857.932617,0.0,0.0,88.75042,-21220.703125,6563.286133,-6857.932617,0.0,0.0,88.75042,-21220.703125,6563.286133,-6857.932617,0.0,0.0,88.75042,false,false,false,false
2,52.644043,Nov 6, 2019, 11:06:43 AM,-21220.703125,6563.286133,-6857.932617,0.0,0.0,88.75042,-21220.703125,6563.286133,-6857.932617,0.0,0.0,88.75042,-21220.703125,6563.286133,-6857.932617,0.0,0.0,88.75042,false,false,false,false
2,53.82769,Nov 6, 2019, 11:06:43 AM,-21220.703125,6563.286133,-6857.932617,0.0,0.0,88.75042,-21220.703125,6563.286133,-6857.932617,0.0,0.0,88.75042,-21220.703125,6563.286133,-6857.932617,0.0,0.0,88.75042,false,false,false,false
2,47.008163,Nov 6, 2019, 11:06:43 AM,-21220.703125,6563.286133,-6857.932617,0.0,0.0,88.75042,-21220.703125,6563.286133,-6857.932617,0.0,0.0,88.75042,-21220.703125,6563.286133,-6857.932617,0.0,0.0,88.75042,false,false,false,false
2,51.088173,Nov 6, 2019, 11:06:43 AM,-21220.703125,6563.286133,-6857.932617,0.0,0.0,88.75042,-21220.703125,6563.286133,-6857.932617,0.0,0.0,88.75042,-21220.703125,6563.286133,-6857.932617,0.0,0.0,88.75042,false,false,false,false
2,58.459705,Nov 6, 2019, 11:06:43 AM,-21220.703125,6563.286133,-6857.932617,0.0,0.0,88.75042,-21220.703125,6563.286133,-6857.932617,0.0,0.0,88.75042,-21220.703125,6563.286133,-6857.932617,0.0,0.0,88.75042,false,false,false,false
2,50.577343,Nov 6, 2019, 11:06:43 AM,-21220.703125,6563.286133,-6857.932617,0.0,0.0,88.75042,-21220.703125,6563.286133,-6857.932617,0.0,0.0,88.75042,-21220.703125,6563.286133,-6857.932617,0.0,0.0,88.75042,false,false,false,false
2,52.193703,Nov 6, 2019, 11:06:43 AM,-21220.703125,6563.286133,-6857.932617,0.0,0.0,88.75042,-21220.703125,6563.286133,-6857.932617,0.0,0.0,88.75042,-21220.703125,6563.286133,-6857.932617,0.0,0.0,88.75042,false,false,false,false
2,52.922646,Nov 6, 2019, 11:06:43 AM,-21220.703125,6563.286133,-6857.932617,0.0,0.0,88.75042,-21220.703125,6563.286133,-6857.932617,0.0,0.0,88.75042,-21220.703125,6563.286133,-6857.932617,0.0,0.0,88.75042,false,false,false,false
2,52.023998,Nov 6, 2019, 11:06:43 AM,-21220.703125,6563.286133,-6857.932617,0.0,0.0,88.75042,-21220.703125,6563.286133,-6857.932617,0.0,0.0,88.75042,-21220.703125,6563.286133,-6857.932617,0.0,0.0,88.75042,false,false,false,false
2,47.329433,Nov 6, 2019, 11:06:43 AM,-21220.703125,6563.286133,-6857.932617,0.0,0.0,88.75042,-21220.703125,6563.286133,-6857.932617,0.0,0.0,88.75042,-21220.703125,6563.286133,-6857.932617,0.0,0.0,88.75042,false,false,false,false
2,50.586807,Nov 6, 2019, 11:06:43 AM,-21220.703125,6563.286133,-6857.932617,0.0,0.0,88.75042,-21220.703125,6563.286133,-6857.932617,0.0,0.0,88.75042,-21220.703125,6563.286133,-6857.932617,0.0,0.0,88.75042,false,false,false,false
2,59.65556,Nov 6, 2019, 11:06:43 AM,-21220.703125,6563.286133,-6857.932617,0.0,0.0,88.75042,-21220.703125,6563.286133,-6857.932617,0.0,0.0,88.75042,-21220.703125,6563.286133,-6857.932617,0.0,0.0,88.75042,false,false,false,false
2,52.467823,Nov 6, 2019, 11:06:43 AM,-21220.703125,6563.286133,-6857.932617,0.0,0.0,88.75042,-21220.703125,6563.286133,-6857.932617,0.0,0.0,88.75042,-21220.703125,6563.286133,-6857.932617,0.0,0.0,88.75042,false,false,false,false
2,50.164791,Nov 6, 2019, 11:06:43 AM,-21220.703125,6563.286133,-6857.932617,0.0,0.0,88.75042,-21220.703125,6563.286133,-6857.932617,0.0,0.0,88.75042,-21220.703125,6563.286133,-6857.932617,0.0,0.0,88.75042,false,false,false,false
2,50.696831,Nov 6, 2019, 11:06:43 AM,-21220.703125,6563.286133,-6857.932617,0.0,0.0,88.75042,-21220.703125,6563.286133,-6857.932617,0.0,0.0,88.75042,-21220.703125,6563.286133,-6857.932617,0.0,0.0,88.75042,false,false,false,false
2,45.316944,Nov 6, 2019, 11:06:43 AM,-21220.703125,6563.286133,-6857.932617,0.0,0.0,88.75042,-21220.703125,6563.286133,-6857.932617,0.0,0.0,88.75042,-21220.703125,6563.286133,-6857.932617,0.0,0.0,88.75042,false,false,false,false
2,20.365894,Nov 6, 2019, 11:06:43 AM,-21220.703125,6563.286133,-6857.932617,0.0,0.0,88.75042,-21220.703125,6563.286133,-6857.932617,0.0,0.0,88.75042,-21220.703125,6563.286133,-6857.932617,0.0,0.0,88.75042,false,false,false,false
2,32.018955,Nov 6, 2019, 11:06:43 AM,-21220.703125,6563.286133,-6857.932617,0.0,0.0,88.75042,-21220.703125,6563.286133,-6857.932617,0.0,0.0,88.75042,-21220.703125,6563.286133,-6857.932617,0.0,0.0,88.75042,false,false,false,false
2,32.589958,Nov 6, 2019, 11:06:43 AM,-21220.703125,6563.286133,-6857.932617,0.0,0.0,88.75042,-21220.703125,6563.286133,-6857.932617,0.0,0.0,88.75042,-21220.703125,6563.286133,-6857.932617,0.0,0.0,88.75042,false,false,false,false
2,34.287319,Nov 6, 2019, 11:06:43 AM,-21220.703125,6563.286133,-6857.932617,0.0,0.0,88.75042,-21220.703125,6563.286133,-6857.932617,0.0,0.0,88.75042,-21220.703125,6563.286133,-6857.932617,0.0,0.0,88.75042,false,false,false,false
2,34.317448,Nov 6, 2019, 11:06:43 AM,-21220.703125,6563.286133,-6857.932617,0.0,0.0,88.75042,-21220.703125,6563.286133,-6857.932617,0.0,0.0,88.75042,-21220.703125,6563.286133,-6857.932617,0.0,0.0,88.75042,false,false,false,false
2,32.735687,Nov 6, 2019, 11:06:43 AM,-21220.703125,6563.286133,-6857.932617,0.0,0.0,88.75042,-21220.703125,6563.286133,-6857.932617,0.0,0.0,88.75042,-21220.703125,6563.286133,-6857.932617,0.0,0.0,88.75042,false,false,false,false
2,32.93222,Nov 6, 2019, 11:06:43 AM,-21220.703125,6563.286133,-6857.932617,0.0,0.0,88.75042,-21220.703125,6563.286133,-6857.932617,0.0,0.0,88.75042,-21220.703125,6563.286133,-6857.932617,0.0,0.0,88.75042,false,false,false,false
2,53.069824,Nov 6, 2019, 11:06:43 AM,-21220.703125,6563.286133,-6857.932617,0.0,0.0,88.75042,-21220.703125,6563.286133,-6857.932617,0.0,0.0,88.75042,-21220.703125,6563.286133,-6857.932617,0.0,0.0,88.75042,false,false,false,false
2,51.540016,Nov 6, 2019, 11:06:43 AM,-21220.703125,6563.286133,-6857.932617,0.0,0.0,88.75042,-21220.703125,6563.286133,-6857.932617,0.0,0.0,88.75042,-21220.703125,6563.286133,-6857.932617,0.0,0.0,88.75042,false,false,false,false
2,57.267857,Nov 6, 2019, 11:06:43 AM,-21220.703125,6563.286133,-6857.932617,0.0,0.0,88.75042,-21220.703125,6563.286133,-6857.932617,0.0,0.0,88.75042,-21220.703125,6563.286133,-6857.932617,0.0,0.0,88.75042,false,false,false,false
2,52.16267,Nov 6, 2019, 11:06:43 AM,-21220.703125,6563.286133,-6857.932617,0.0,0.0,88.75042,-21220.703125,6563.286133,-6857.932617,0.0,0.0,88.75042,-21220.703125,6563.286133,-6857.932617,0.0,0.0,88.75042,false,false,false,false
2,50.270702,Nov 6, 2019, 11:06:43 AM,-21220.703125,6563.286133,-6857.932617,0.0,0.0,88.75042,-21220.703125,6563.286133,-6857.932617,0.0,0.0,88.75042,-21220.703125,6563.286133,-6857.932617,0.0,0.0,88.75042,false,false,false,false
2,31.729513,Nov 6, 2019, 11:06:43 AM,-21220.703125,6563.286133,-6857.932617,0.0,0.0,88.75042,-21220.703125,6563.286133,-6857.932617,0.0,0.0,88.75042,-21220.703125,6563.286133,-6857.932617,0.0,0.0,88.75042,false,false,false,false
2,47.267693,Nov 6, 2019, 11:06:43 AM,-21220.703125,6563.286133,-6857.932617,0.0,0.0,88.75042,-21220.703125,6563.286133,-6857.932617,0.0,0.0,88.75042,-21220.703125,6563.286133,-6857.932617,0.0,0.0,88.75042,false,false,false,false
2,28.344509,Nov 6, 2019, 11:06:43 AM,-21220.703125,6563.286133,-6857.932617,0.0,0.0,88.75042,-21220.703125,6563.286133,-6857.932617,0.0,0.0,88.75042,-21220.703125,6563.286133,-6857.932617,0.0,0.0,88.75042,false,false,false,false
2,49.800056,Nov 6, 2019, 11:06:43 AM,-21220.703125,6563.286133,-6857.932617,0.0,0.0,88.75042,-21220.703125,6563.286133,-6857.932617,0.0,0.0,88.75042,-21220.703125,6563.286133,-6857.932617,0.0,0.0,88.75042,false,false,false,false
2,46.227592,Nov 6, 2019, 11:06:43 AM,-21220.703125,6563.286133,-6857.932617,0.0,0.0,88.75042,-21220.703125,6563.286133,-6857.932617,0.0,0.0,88.75042,-21220.703125,6563.286133,-6857.932617,0.0,0.0,88.75042,false,false,false,false
2,54.944756,Nov 6, 2019, 11:06:43 AM,-21220.703125,6563.286133,-6857.932617,0.0,0.0,88.75042,-21220.703125,6563.286133,-6857.932617,0.0,0.0,88.75042,-21220.703125,6563.286133,-6857.932617,0.0,0.0,88.75042,false,false,false,false
2,53.879021,Nov 6, 2019, 11:06:43 AM,-21220.703125,6563.286133,-6857.932617,0.0,0.0,88.75042,-21220.703125,6563.286133,-6857.932617,0.0,0.0,88.75042,-21220.703125,6563.286133,-6857.932617,0.0,0.0,88.75042,false,false,false,false
2,50.809391,Nov 6, 2019, 11:06:43 AM,-21220.703125,6563.286133,-6857.932617,0.0,0.0,88.75042,-21220.703125,6563.286133,-6857.932617,0.0,0.0,88.75042,-21220.703125,6563.286133,-6857.932617,0.0,0.0,88.75042,false,false,false,false
2,93.334084,Nov 6, 2019, 11:06:43 AM,-21220.703125,6563.286133,-6857.932617,0.0,0.0,88.75042,-21220.703125,6563.286133,-6857.932617,0.0,0.0,88.75042,-21220.703125,6563.286133,-6857.932617,0.0,0.0,88.75042,false,false,false,false
